[1.0, 0.5643793344497681, 0.006138077471405268]
[1.0, 1.0, 1.0, 1.0, 1.0, 1.0, 1.0, 1.0, 1.0, 1.0, 1.0]
[1.0, 1.0, 1.0, 1.0, 1.0, 1.0, 1.0, 1.0, 1.0, 1.0, 1.0]
[1.0, 0.9154402017593384, 0.007199467159807682]
[1.0, 1.0, 1.0, 1.0, 1.0, 1.0, 1.0, 1.0, 1.0, 1.0, 1.0]
[1.0, 0.9998273253440857, 0.9583157300949097, 0.35315442085266113]
[1.0, 0.9976332187652588, 0.9801520705223083, 0.9072684049606323, 0.7038992643356323, 0.3577830493450165]
[1.0, 1.0, 1.0, 1.0, 1.0, 1.0, 1.0, 1.0, 1.0, 1.0, 1.0]
[1.0, 1.0, 1.0, 1.0, 1.0, 1.0, 1.0, 1.0, 1.0, 1.0, 1.0]
[1.0, 1.0, 1.0, 1.0, 1.0, 1.0, 1.0, 1.0, 1.0, 1.0, 1.0]
[1.0, 1.0, 1.0, 1.0, 1.0, 1.0, 1.0, 1.0, 1.0, 1.0, 1.0]
[1.0, 0.998829185962677, 0.9914007782936096, 0.9914007782936096, 0.9914007782936096, 0.9914007782936096, 0.9914007782936096, 0.9914007782936096, 0.9914007782936096, 0.9914007782936096, 0.9914007782936096]
[1.0, 1.0, 1.0, 1.0, 1.0, 1.0, 1.0, 1.0, 1.0, 1.0, 1.0]
[1.0, 1.0, 1.0, 1.0, 1.0, 1.0, 1.0, 1.0, 1.0, 1.0, 1.0]
[1.0, 1.0, 1.0, 1.0, 1.0, 1.0, 1.0, 1.0, 1.0, 1.0, 1.0]
[1.0, 1.0, 1.0, 1.0, 1.0, 1.0, 1.0, 1.0, 1.0, 1.0, 1.0]
[1.0, 1.0, 1.0, 1.0, 1.0, 1.0, 1.0, 1.0, 1.0, 1.0, 1.0]
[1.0, 1.0, 1.0, 1.0, 1.0, 1.0, 1.0, 1.0, 1.0, 1.0, 1.0]
[1.0, 1.0, 1.0, 1.0, 1.0, 1.0, 1.0, 1.0, 1.0, 1.0, 1.0]
[1.0, 1.0, 1.0, 1.0, 1.0, 1.0, 1.0, 1.0, 1.0, 1.0, 1.0]
[1.0, 1.0, 1.0, 1.0, 1.0, 1.0, 1.0, 1.0, 1.0, 1.0, 1.0]
[1.0, 0.9926629066467285, 0.3674040138721466]
[1.0, 1.0, 1.0, 1.0, 1.0, 1.0, 1.0, 1.0, 1.0, 1.0, 1.0]
[1.0, 0.9998095631599426, 0.9977638721466064, 0.9595401287078857, 0.710128664970398, 5.6076791224768385e-05]
[1.0, 0.995941698551178, 0.9997201561927795, 0.9928734302520752, 0.9994932413101196, 0.9908492565155029, 0.9992675185203552, 0.991381824016571, 0.9991990923881531, 0.9911885261535645, 0.9993222951889038]
[1.0, 0.20367085933685303]
[1.0, 0.999997615814209, 0.9999514818191528, 0.9999936819076538, 0.9999405145645142, 0.9999946355819702, 0.9999375343322754, 0.9999945163726807, 0.9999347925186157, 0.9999942779541016, 0.9999397993087769]
[1.0, 0.08187896758317947]
[1.0, 0.9914698004722595, 0.8593294024467468, 0.23969413340091705]
[1.0, 1.0, 1.0, 1.0, 1.0, 1.0, 1.0, 1.0, 1.0, 1.0, 1.0]
[1.0, 0.99944669008255, 0.8377299308776855, 0.41401538252830505]
[1.0, 1.0, 1.0, 1.0, 1.0, 1.0, 1.0, 1.0, 1.0, 1.0, 1.0]
[1.0, 1.0, 1.0, 1.0, 1.0, 1.0, 1.0, 1.0, 1.0, 1.0, 1.0]
[1.0, 1.0, 1.0, 1.0, 1.0, 1.0, 1.0, 1.0, 1.0, 1.0, 1.0]
[1.0, 1.0, 1.0, 1.0, 1.0, 1.0, 1.0, 1.0, 1.0, 1.0, 1.0]
[1.0, 1.0, 1.0, 1.0, 1.0, 1.0, 1.0, 1.0, 1.0, 1.0, 1.0]
[1.0, 1.0, 1.0, 1.0, 1.0, 1.0, 1.0, 1.0, 1.0, 1.0, 1.0]
[1.0, 1.0, 1.0, 1.0, 1.0, 1.0, 1.0, 1.0, 1.0, 1.0, 1.0]
[1.0, 1.0, 1.0, 1.0, 1.0, 1.0, 1.0, 1.0, 1.0, 1.0, 1.0]
[1.0, 0.9997047781944275, 0.9950612187385559, 0.9942118525505066, 0.9137969017028809, 0.6131433844566345, 0.20892301201820374]
[1.0, 0.9499859809875488, 0.3801279664039612]
[1.0, 0.9991841912269592, 0.9487149715423584, 0.27255573868751526]
[1.0, 0.9226323962211609, 0.5613263249397278, 0.06652311235666275]
[1.0, 0.9997662901878357, 0.9988614320755005, 0.9968388080596924, 0.9901783466339111, 0.975273609161377, 0.9437813758850098, 0.916229784488678, 0.8549197912216187, 0.8189923763275146, 0.8034641146659851]
[1.0, 1.0, 1.0, 1.0, 1.0, 1.0, 1.0, 1.0, 1.0, 1.0, 1.0]
[1.0, 1.0, 1.0, 1.0, 1.0, 1.0, 1.0, 1.0, 1.0, 1.0, 1.0]
[1.0, 1.0, 1.0, 1.0, 1.0, 1.0, 1.0, 1.0, 1.0, 1.0, 1.0]
[1.0, 1.0, 1.0, 1.0, 1.0, 1.0, 1.0, 1.0, 1.0, 1.0, 1.0]
[1.0, 1.0, 1.0, 1.0, 1.0, 1.0, 1.0, 1.0, 1.0, 1.0, 1.0]
[1.0, 1.0, 1.0, 1.0, 1.0, 1.0, 1.0, 1.0, 1.0, 1.0, 1.0]
[1.0, 1.0, 1.0, 1.0, 1.0, 1.0, 1.0, 1.0, 1.0, 1.0, 1.0]
[1.0, 1.0, 1.0, 1.0, 1.0, 1.0, 1.0, 1.0, 1.0, 1.0, 1.0]
[1.0, 1.0, 1.0, 1.0, 1.0, 1.0, 1.0, 1.0, 1.0, 1.0, 1.0]
[1.0, 1.0, 1.0, 1.0, 1.0, 1.0, 1.0, 1.0, 1.0, 1.0, 1.0]
[1.0, 1.0, 1.0, 1.0, 1.0, 1.0, 1.0, 1.0, 1.0, 1.0, 1.0]
[1.0, 1.0, 1.0, 1.0, 1.0, 1.0, 1.0, 1.0, 1.0, 1.0, 1.0]
[1.0, 1.0, 1.0, 1.0, 1.0, 1.0, 1.0, 1.0, 1.0, 1.0, 1.0]
[1.0, 1.0, 1.0, 1.0, 1.0, 1.0, 1.0, 1.0, 1.0, 1.0, 1.0]
[1.0, 1.0, 1.0, 1.0, 1.0, 1.0, 1.0, 1.0, 1.0, 1.0, 1.0]
[1.0, 1.0, 1.0, 1.0, 1.0, 1.0, 1.0, 1.0, 1.0, 1.0, 1.0]
[1.0, 1.0, 1.0, 1.0, 1.0, 1.0, 1.0, 1.0, 1.0, 1.0, 1.0]
[1.0, 1.0, 1.0, 1.0, 1.0, 1.0, 1.0, 1.0, 1.0, 1.0, 1.0]
[1.0, 1.0, 1.0, 1.0, 1.0, 1.0, 1.0, 1.0, 1.0, 1.0, 1.0]
[1.0, 1.0, 1.0, 1.0, 1.0, 1.0, 1.0, 1.0, 1.0, 1.0, 1.0]
[1.0, 1.0, 1.0, 1.0, 1.0, 1.0, 1.0, 1.0, 1.0, 1.0, 1.0]
[1.0, 0.9999046325683594, 0.9999046325683594, 0.9999046325683594, 0.9999046325683594, 0.9999046325683594, 0.9999046325683594, 0.9999046325683594, 0.9999046325683594, 0.9999046325683594, 0.9999046325683594]
[1.0, 1.0, 1.0, 1.0, 1.0, 1.0, 1.0, 1.0, 1.0, 1.0, 1.0]
[1.0, 0.00014573315274901688]
[1.0, 1.0, 1.0, 1.0, 1.0, 1.0, 1.0, 1.0, 1.0, 1.0, 1.0]
[1.0, 0.9077166318893433, 0.0015356943476945162]
[1.0, 0.9996685981750488, 0.9990106821060181, 0.9996321201324463, 0.9979096055030823, 0.9990924596786499, 0.9983426332473755, 0.9994574189186096, 0.99834144115448, 0.9993738532066345, 0.9982757568359375]
[1.0, 0.9845011234283447, 0.7297053933143616, 0.20830287039279938]
[1.0, 0.9990882873535156, 0.9295852780342102, 0.5932002067565918, 0.11789817363023758]
[1.0, 0.9905436635017395, 0.9671000242233276, 0.9647099375724792, 0.9382092952728271, 0.9317412376403809, 0.9114626049995422, 0.8955139517784119, 0.9082084894180298, 0.9387170076370239, 0.8954189419746399]
[1.0, 1.0, 1.0, 1.0, 1.0, 1.0, 1.0, 1.0, 1.0, 1.0, 1.0]
[1.0, 1.0, 1.0, 1.0, 1.0, 1.0, 1.0, 1.0, 1.0, 1.0, 1.0]
[1.0, 1.0, 1.0, 1.0, 1.0, 1.0, 1.0, 1.0, 1.0, 1.0, 1.0]
[1.0, 1.0, 1.0, 1.0, 1.0, 1.0, 1.0, 1.0, 1.0, 1.0, 1.0]
[1.0, 1.0, 1.0, 1.0, 1.0, 1.0, 1.0, 1.0, 1.0, 1.0, 1.0]
[1.0, 0.9540541768074036, 0.0030769959557801485]
[1.0, 0.0003401402791496366]
[1.0, 1.0, 1.0, 1.0, 1.0, 1.0, 1.0, 1.0, 1.0, 1.0, 1.0]
[1.0, 1.0, 1.0, 1.0, 1.0, 1.0, 1.0, 1.0, 1.0, 1.0, 1.0]
[1.0, 1.0, 1.0, 1.0, 1.0, 1.0, 1.0, 1.0, 1.0, 1.0, 1.0]
[1.0, 0.9662812948226929, 0.013579601421952248]
[1.0, 0.9992998838424683, 0.9960231781005859, 0.9832165837287903, 0.9894646406173706, 0.8710319995880127, 0.9708724617958069, 0.6781314015388489, 0.8457906246185303, 0.3922681212425232]
[1.0, 0.01219746470451355]
[1.0, 0.025514138862490654]
[1.0, 0.8940847516059875, 0.3420785069465637]
[1.0, 0.0005888534360565245]
[1.0, 0.9918349981307983, 0.6919819712638855, 0.997829020023346, 0.5142323970794678, 0.9958621263504028, 0.5486930012702942, 0.9992306232452393, 0.4986417293548584]
[1.0, 0.9999953508377075, 0.9999316930770874, 0.9999722242355347, 0.9997106194496155, 0.9999722242355347, 0.9995495676994324, 0.9999645948410034, 0.99962317943573, 0.9999735355377197, 0.9995131492614746]
[1.0, 1.0, 1.0, 1.0, 1.0, 1.0, 1.0, 1.0, 1.0, 1.0, 1.0]
[1.0, 1.0, 1.0, 1.0, 1.0, 1.0, 1.0, 1.0, 1.0, 1.0, 1.0]
[1.0, 0.9962005019187927, 0.9793123006820679, 0.9793123006820679, 0.9793123006820679, 0.9793123006820679, 0.9793123006820679, 0.9793123006820679, 0.9793123006820679, 0.9793123006820679, 0.9793123006820679]
[1.0, 1.0, 1.0, 1.0, 1.0, 1.0, 1.0, 1.0, 1.0, 1.0, 1.0]
[1.0, 0.47589829564094543]
[1.0, 0.9987346529960632, 0.9468972086906433, 0.9569394588470459, 0.8065237998962402, 0.7801352143287659, 0.7168927192687988, 0.5325226187705994, 0.5106127262115479, 0.37011128664016724]
[1.0, 0.9984917640686035, 0.9985488057136536, 0.9955253005027771, 0.9858381152153015, 0.9371944069862366, 0.9791631102561951, 0.9338032603263855, 0.8532578349113464, 0.7027727961540222, 0.6567366719245911]
[1.0, 1.0, 1.0, 1.0, 1.0, 1.0, 1.0, 1.0, 1.0, 1.0, 1.0]
[1.0, 0.9471786618232727, 0.019025439396500587]
[1.0, 0.9999877214431763, 0.9999351501464844, 0.999022364616394, 0.9939029812812805, 0.9632260799407959, 0.9797884821891785, 0.9504144787788391, 0.9668018221855164, 0.9372110962867737, 0.9813675284385681]
[1.0, 1.0, 1.0, 1.0, 1.0, 1.0, 1.0, 1.0, 1.0, 1.0, 1.0]
[1.0, 1.0, 1.0, 1.0, 1.0, 1.0, 1.0, 1.0, 1.0, 1.0, 1.0]
[1.0, 1.0, 1.0, 1.0, 1.0, 1.0, 1.0, 1.0, 1.0, 1.0, 1.0]
[1.0, 0.9992313385009766, 0.9992313385009766, 0.9992313385009766, 0.9992313385009766, 0.9992313385009766, 0.9992313385009766, 0.9992313385009766, 0.9992313385009766, 0.9992313385009766, 0.9992313385009766]
[1.0, 1.0, 1.0, 1.0, 1.0, 1.0, 1.0, 1.0, 1.0, 1.0, 1.0]
[1.0, 1.0, 1.0, 1.0, 1.0, 1.0, 1.0, 1.0, 1.0, 1.0, 1.0]
[1.0, 1.0, 1.0, 1.0, 1.0, 1.0, 1.0, 1.0, 1.0, 1.0, 1.0]
[1.0, 0.9544699192047119, 0.07560420036315918]
[1.0, 0.4191841781139374]
[1.0, 0.04184461757540703]
[1.0, 1.0, 1.0, 1.0, 1.0, 1.0, 1.0, 1.0, 1.0, 1.0, 1.0]
[1.0, 1.0, 1.0, 1.0, 1.0, 1.0, 1.0, 1.0, 1.0, 1.0, 1.0]
[1.0, 1.0, 1.0, 1.0, 1.0, 1.0, 1.0, 1.0, 1.0, 1.0, 1.0]
[1.0, 1.0, 1.0, 1.0, 1.0, 1.0, 1.0, 1.0, 1.0, 1.0, 1.0]
[1.0, 1.0, 1.0, 1.0, 1.0, 1.0, 1.0, 1.0, 1.0, 1.0, 1.0]
[1.0, 0.9701904058456421, 0.950163722038269, 0.950163722038269, 0.950163722038269, 0.950163722038269, 0.950163722038269, 0.950163722038269, 0.950163722038269, 0.950163722038269, 0.950163722038269]
[1.0, 1.0, 1.0, 1.0, 1.0, 1.0, 1.0, 1.0, 1.0, 1.0, 1.0]
[1.0, 1.0, 1.0, 1.0, 1.0, 1.0, 1.0, 1.0, 1.0, 1.0, 1.0]
[1.0, 0.9131919741630554, 0.0015241990331560373]
[1.0, 6.293112619459862e-06]
[1.0, 1.0, 1.0, 1.0, 1.0, 1.0, 1.0, 1.0, 1.0, 1.0, 1.0]
[1.0, 1.0, 1.0, 1.0, 1.0, 1.0, 1.0, 1.0, 1.0, 1.0, 1.0]
[1.0, 1.0, 1.0, 1.0, 1.0, 1.0, 1.0, 1.0, 1.0, 1.0, 1.0]
[1.0, 0.15621402859687805]
[1.0, 1.0, 1.0, 1.0, 1.0, 1.0, 1.0, 1.0, 1.0, 1.0, 1.0]
[1.0, 1.0, 1.0, 1.0, 1.0, 1.0, 1.0, 1.0, 1.0, 1.0, 1.0]
[1.0, 2.3086868168320507e-06]
[1.0, 0.9948189854621887, 0.9948189854621887, 0.9948189854621887, 0.9948189854621887, 0.9948189854621887, 0.9948189854621887, 0.9948189854621887, 0.9948189854621887, 0.9948189854621887, 0.9948189854621887]
[1.0, 1.0, 1.0, 1.0, 1.0, 1.0, 1.0, 1.0, 1.0, 1.0, 1.0]
[1.0, 1.0, 1.0, 1.0, 1.0, 1.0, 1.0, 1.0, 1.0, 1.0, 1.0]
[1.0, 1.0, 1.0, 1.0, 1.0, 1.0, 1.0, 1.0, 1.0, 1.0, 1.0]
[1.0, 1.0, 1.0, 1.0, 1.0, 1.0, 1.0, 1.0, 1.0, 1.0, 1.0]
[1.0, 1.0, 1.0, 1.0, 1.0, 1.0, 1.0, 1.0, 1.0, 1.0, 1.0]
[1.0, 1.0, 1.0, 1.0, 1.0, 1.0, 1.0, 1.0, 1.0, 1.0, 1.0]
[1.0, 0.9999198913574219, 0.9999182224273682, 0.9999182224273682, 0.9999182224273682, 0.9999182224273682, 0.9999182224273682, 0.9999182224273682, 0.9999182224273682, 0.9999182224273682, 0.9999182224273682]
[1.0, 1.0, 1.0, 1.0, 1.0, 1.0, 1.0, 1.0, 1.0, 1.0, 1.0]
[1.0, 1.0, 1.0, 1.0, 1.0, 1.0, 1.0, 1.0, 1.0, 1.0, 1.0]
[1.0, 0.9986369013786316, 0.9753283262252808, 0.9040316343307495, 0.4990413784980774]
[1.0, 1.0, 1.0, 1.0, 1.0, 1.0, 1.0, 1.0, 1.0, 1.0, 1.0]
[1.0, 1.0, 1.0, 1.0, 1.0, 1.0, 1.0, 1.0, 1.0, 1.0, 1.0]
[1.0, 1.0, 1.0, 1.0, 1.0, 1.0, 1.0, 1.0, 1.0, 1.0, 1.0]
[1.0, 1.0, 1.0, 1.0, 1.0, 1.0, 1.0, 1.0, 1.0, 1.0, 1.0]
[1.0, 1.0, 1.0, 1.0, 1.0, 1.0, 1.0, 1.0, 1.0, 1.0, 1.0]
[1.0, 1.0, 1.0, 1.0, 1.0, 1.0, 1.0, 1.0, 1.0, 1.0, 1.0]
[1.0, 1.0, 1.0, 1.0, 1.0, 1.0, 1.0, 1.0, 1.0, 1.0, 1.0]
[1.0, 1.0, 1.0, 1.0, 1.0, 1.0, 1.0, 1.0, 1.0, 1.0, 1.0]
[1.0, 1.0, 1.0, 1.0, 1.0, 1.0, 1.0, 1.0, 1.0, 1.0, 1.0]
[1.0, 1.0, 1.0, 1.0, 1.0, 1.0, 1.0, 1.0, 1.0, 1.0, 1.0]
[1.0, 0.9755370616912842, 0.5616629719734192, 0.026192238554358482]
[1.0, 1.0, 1.0, 1.0, 1.0, 1.0, 1.0, 1.0, 1.0, 1.0, 1.0]
[1.0, 0.976037859916687, 0.05248945206403732]
[1.0, 0.016334641724824905]
[1.0, 1.0, 1.0, 1.0, 1.0, 1.0, 1.0, 1.0, 1.0, 1.0, 1.0]
[1.0, 1.0, 1.0, 1.0, 1.0, 1.0, 1.0, 1.0, 1.0, 1.0, 1.0]
[1.0, 1.0, 1.0, 1.0, 1.0, 1.0, 1.0, 1.0, 1.0, 1.0, 1.0]
[1.0, 0.9939483404159546, 0.973899781703949, 0.9470926523208618, 0.9139145016670227, 0.8654959797859192, 0.8180450201034546, 0.7865902781486511, 0.7614530324935913, 0.746471107006073, 0.7402806878089905]
[1.0, 1.0, 1.0, 1.0, 1.0, 1.0, 1.0, 1.0, 1.0, 1.0, 1.0]
[1.0, 1.0, 1.0, 1.0, 1.0, 1.0, 1.0, 1.0, 1.0, 1.0, 1.0]
[1.0, 1.0, 1.0, 1.0, 1.0, 1.0, 1.0, 1.0, 1.0, 1.0, 1.0]
[1.0, 1.0, 1.0, 1.0, 1.0, 1.0, 1.0, 1.0, 1.0, 1.0, 1.0]
[1.0, 0.9999505281448364, 0.9999505281448364, 0.9999505281448364, 0.9999505281448364, 0.9999505281448364, 0.9999505281448364, 0.9999505281448364, 0.9999505281448364, 0.9999505281448364, 0.9999505281448364]
[1.0, 1.0, 1.0, 1.0, 1.0, 1.0, 1.0, 1.0, 1.0, 1.0, 1.0]
[1.0, 0.9810685515403748, 0.09453750401735306]
[1.0, 0.5142571926116943, 0.5142571926116943, 0.5142571926116943, 0.5142571926116943, 0.5142571926116943, 0.5142571926116943, 0.5142571926116943, 0.5142571926116943, 0.5142571926116943, 0.5142571926116943]
[1.0, 1.0, 1.0, 1.0, 1.0, 1.0, 1.0, 1.0, 1.0, 1.0, 1.0]
[1.0, 1.0, 1.0, 1.0, 1.0, 1.0, 1.0, 1.0, 1.0, 1.0, 1.0]
[1.0, 1.0, 1.0, 1.0, 1.0, 1.0, 1.0, 1.0, 1.0, 1.0, 1.0]
[1.0, 1.0, 1.0, 1.0, 1.0, 1.0, 1.0, 1.0, 1.0, 1.0, 1.0]
[1.0, 1.0, 1.0, 1.0, 1.0, 1.0, 1.0, 1.0, 1.0, 1.0, 1.0]
[1.0, 0.9862328767776489, 0.6059200763702393, 0.07883765548467636]
[1.0, 0.8943499326705933, 0.6979021430015564, 0.5046283602714539, 0.037354253232479095]
[1.0, 0.9998766183853149, 0.9745614528656006, 0.45568615198135376]
[1.0, 0.9996669292449951, 0.9895219206809998, 0.9827064275741577, 0.8964170217514038, 0.9527559876441956, 0.8246973752975464, 0.9008011221885681, 0.7697585225105286, 0.9290134906768799, 0.7549028992652893]
[1.0, 1.0, 1.0, 1.0, 1.0, 1.0, 1.0, 1.0, 1.0, 1.0, 1.0]
[1.0, 1.0, 1.0, 1.0, 1.0, 1.0, 1.0, 1.0, 1.0, 1.0, 1.0]
[1.0, 1.0, 1.0, 1.0, 1.0, 1.0, 1.0, 1.0, 1.0, 1.0, 1.0]
[1.0, 1.0, 1.0, 1.0, 1.0, 1.0, 1.0, 1.0, 1.0, 1.0, 1.0]
[1.0, 1.0, 1.0, 1.0, 1.0, 1.0, 1.0, 1.0, 1.0, 1.0, 1.0]
[1.0, 1.0, 1.0, 1.0, 1.0, 1.0, 1.0, 1.0, 1.0, 1.0, 1.0]
[1.0, 1.0, 1.0, 1.0, 1.0, 1.0, 1.0, 1.0, 1.0, 1.0, 1.0]
[1.0, 1.0, 1.0, 1.0, 1.0, 1.0, 1.0, 1.0, 1.0, 1.0, 1.0]
[1.0, 1.0, 1.0, 1.0, 1.0, 1.0, 1.0, 1.0, 1.0, 1.0, 1.0]
[1.0, 1.0, 1.0, 1.0, 1.0, 1.0, 1.0, 1.0, 1.0, 1.0, 1.0]
[1.0, 1.0, 1.0, 1.0, 1.0, 1.0, 1.0, 1.0, 1.0, 1.0, 1.0]
[1.0, 1.0, 1.0, 1.0, 1.0, 1.0, 1.0, 1.0, 1.0, 1.0, 1.0]
[1.0, 1.0, 1.0, 1.0, 1.0, 1.0, 1.0, 1.0, 1.0, 1.0, 1.0]
[1.0, 1.0, 1.0, 1.0, 1.0, 1.0, 1.0, 1.0, 1.0, 1.0, 1.0]
[1.0, 1.0, 1.0, 1.0, 1.0, 1.0, 1.0, 1.0, 1.0, 1.0, 1.0]
[1.0, 1.0, 1.0, 1.0, 1.0, 1.0, 1.0, 1.0, 1.0, 1.0, 1.0]
[1.0, 0.985348641872406, 0.9690630435943604, 0.8634046316146851, 0.9311385750770569, 0.8121825456619263, 0.7018529176712036, 0.8143705725669861, 0.7005771994590759, 0.8333213925361633, 0.7091033458709717]
[1.0, 0.9640482664108276, 0.9752110242843628, 0.956057608127594, 0.9590233564376831, 0.9343417286872864, 0.9615957140922546, 0.9473172426223755, 0.9685903191566467, 0.9431968331336975, 0.963567316532135]
[1.0, 0.00018570656538940966]
[1.0, 0.8588839769363403, 0.033814337104558945]
[1.0, 1.0, 1.0, 1.0, 1.0, 1.0, 1.0, 1.0, 1.0, 1.0, 1.0]
[1.0, 1.0, 1.0, 1.0, 1.0, 1.0, 1.0, 1.0, 1.0, 1.0, 1.0]
[1.0, 1.0, 1.0, 1.0, 1.0, 1.0, 1.0, 1.0, 1.0, 1.0, 1.0]
[1.0, 1.0, 1.0, 1.0, 1.0, 1.0, 1.0, 1.0, 1.0, 1.0, 1.0]
[1.0, 1.0, 1.0, 1.0, 1.0, 1.0, 1.0, 1.0, 1.0, 1.0, 1.0]
[1.0, 1.0, 1.0, 1.0, 1.0, 1.0, 1.0, 1.0, 1.0, 1.0, 1.0]
[1.0, 1.0, 1.0, 1.0, 1.0, 1.0, 1.0, 1.0, 1.0, 1.0, 1.0]
[1.0, 0.018858183175325394]
[1.0, 1.0, 1.0, 1.0, 1.0, 1.0, 1.0, 1.0, 1.0, 1.0, 1.0]
[1.0, 0.9922183752059937, 0.49337559938430786]
[1.0, 0.018664473667740822]
[1.0, 0.006524931639432907]
[1.0, 0.9996590614318848, 0.8113386631011963, 0.8775075674057007, 0.006783522665500641]
[1.0, 0.9953575730323792, 0.9751215577125549, 0.9832900762557983, 0.9643363952636719, 0.9714599251747131, 0.9628617167472839, 0.9828638434410095, 0.9680113196372986, 0.9827415347099304, 0.9674443006515503]
[1.0, 0.9018456935882568, 0.24595528841018677]
[1.0, 0.999972939491272, 0.9996910095214844, 0.9944742321968079, 0.9704280495643616, 0.9631531238555908, 0.6991265416145325, 0.2493087202310562]
[1.0, 1.0, 1.0, 1.0, 1.0, 1.0, 1.0, 1.0, 1.0, 1.0, 1.0]
[1.0, 1.0, 1.0, 1.0, 1.0, 1.0, 1.0, 1.0, 1.0, 1.0, 1.0]
Epoch: 1 Average evasion rate on trainset with different patch: 84.848%
[1.0, 1.0, 1.0, 1.0, 1.0, 1.0, 1.0, 1.0, 1.0, 1.0, 1.0]
[1.0, 1.0, 1.0, 1.0, 1.0, 1.0, 1.0, 1.0, 1.0, 1.0, 1.0]
[1.0, 1.0, 1.0, 1.0, 1.0, 1.0, 1.0, 1.0, 1.0, 1.0, 1.0]
[1.0, 1.0, 1.0, 1.0, 1.0, 1.0, 1.0, 1.0, 1.0, 1.0, 1.0]
[1.0, 1.0, 1.0, 1.0, 1.0, 1.0, 1.0, 1.0, 1.0, 1.0, 1.0]
[1.0, 1.0, 1.0, 1.0, 1.0, 1.0, 1.0, 1.0, 1.0, 1.0, 1.0]
[1.0, 1.0, 1.0, 1.0, 1.0, 1.0, 1.0, 1.0, 1.0, 1.0, 1.0]
[1.0, 1.0, 1.0, 1.0, 1.0, 1.0, 1.0, 1.0, 1.0, 1.0, 1.0]
[1.0, 1.0, 1.0, 1.0, 1.0, 1.0, 1.0, 1.0, 1.0, 1.0, 1.0]
[1.0, 0.9990941286087036, 0.9871381521224976, 0.9871381521224976, 0.9871381521224976, 0.9871381521224976, 0.9871381521224976, 0.9871381521224976, 0.9871381521224976, 0.9871381521224976, 0.9871381521224976]
[1.0, 1.0, 1.0, 1.0, 1.0, 1.0, 1.0, 1.0, 1.0, 1.0, 1.0]
[1.0, 1.0, 1.0, 1.0, 1.0, 1.0, 1.0, 1.0, 1.0, 1.0, 1.0]
[1.0, 1.0, 1.0, 1.0, 1.0, 1.0, 1.0, 1.0, 1.0, 1.0, 1.0]
[1.0, 1.0, 1.0, 1.0, 1.0, 1.0, 1.0, 1.0, 1.0, 1.0, 1.0]
[1.0, 1.0, 1.0, 1.0, 1.0, 1.0, 1.0, 1.0, 1.0, 1.0, 1.0]
[1.0, 1.0, 1.0, 1.0, 1.0, 1.0, 1.0, 1.0, 1.0, 1.0, 1.0]
[1.0, 0.9998923540115356, 0.9958194494247437, 0.9292230010032654, 0.6490509510040283, 0.9459203481674194, 0.6183947920799255, 0.41137367486953735]
[1.0, 0.12493768334388733]
[1.0, 0.5643793344497681, 0.006138077471405268]
[1.0, 1.0, 1.0, 1.0, 1.0, 1.0, 1.0, 1.0, 1.0, 1.0, 1.0]
[1.0, 1.0, 1.0, 1.0, 1.0, 1.0, 1.0, 1.0, 1.0, 1.0, 1.0]
[1.0, 0.9154402017593384, 0.007199467159807682]
[1.0, 1.0, 1.0, 1.0, 1.0, 1.0, 1.0, 1.0, 1.0, 1.0, 1.0]
[1.0, 0.9998273253440857, 0.9583157300949097, 0.35315442085266113]
[1.0, 0.9976332187652588, 0.9801520705223083, 0.9072684049606323, 0.7038992643356323, 0.3577830493450165]
[1.0, 1.0, 1.0, 1.0, 1.0, 1.0, 1.0, 1.0, 1.0, 1.0, 1.0]
[1.0, 1.0, 1.0, 1.0, 1.0, 1.0, 1.0, 1.0, 1.0, 1.0, 1.0]
[1.0, 1.0, 1.0, 1.0, 1.0, 1.0, 1.0, 1.0, 1.0, 1.0, 1.0]
[1.0, 1.0, 1.0, 1.0, 1.0, 1.0, 1.0, 1.0, 1.0, 1.0, 1.0]
[1.0, 0.998829185962677, 0.9914007782936096, 0.9914007782936096, 0.9914007782936096, 0.9914007782936096, 0.9914007782936096, 0.9914007782936096, 0.9914007782936096, 0.9914007782936096, 0.9914007782936096]
[1.0, 1.0, 1.0, 1.0, 1.0, 1.0, 1.0, 1.0, 1.0, 1.0, 1.0]
[1.0, 1.0, 1.0, 1.0, 1.0, 1.0, 1.0, 1.0, 1.0, 1.0, 1.0]
[1.0, 1.0, 1.0, 1.0, 1.0, 1.0, 1.0, 1.0, 1.0, 1.0, 1.0]
[1.0, 1.0, 1.0, 1.0, 1.0, 1.0, 1.0, 1.0, 1.0, 1.0, 1.0]
[1.0, 1.0, 1.0, 1.0, 1.0, 1.0, 1.0, 1.0, 1.0, 1.0, 1.0]
[1.0, 1.0, 1.0, 1.0, 1.0, 1.0, 1.0, 1.0, 1.0, 1.0, 1.0]
[1.0, 1.0, 1.0, 1.0, 1.0, 1.0, 1.0, 1.0, 1.0, 1.0, 1.0]
[1.0, 1.0, 1.0, 1.0, 1.0, 1.0, 1.0, 1.0, 1.0, 1.0, 1.0]
[1.0, 1.0, 1.0, 1.0, 1.0, 1.0, 1.0, 1.0, 1.0, 1.0, 1.0]
[1.0, 0.9926629066467285, 0.3674040138721466]
[1.0, 1.0, 1.0, 1.0, 1.0, 1.0, 1.0, 1.0, 1.0, 1.0, 1.0]
[1.0, 0.9998095631599426, 0.9977638721466064, 0.9595401287078857, 0.710128664970398, 5.6076791224768385e-05]
[1.0, 0.995941698551178, 0.9997201561927795, 0.9928734302520752, 0.9994932413101196, 0.9908492565155029, 0.9992675185203552, 0.991381824016571, 0.9991990923881531, 0.9911885261535645, 0.9993222951889038]
[1.0, 0.20367085933685303]
[1.0, 0.999997615814209, 0.9999514818191528, 0.9999936819076538, 0.9999405145645142, 0.9999946355819702, 0.9999375343322754, 0.9999945163726807, 0.9999347925186157, 0.9999942779541016, 0.9999397993087769]
[1.0, 0.08187896758317947]
[1.0, 0.9914698004722595, 0.8593294024467468, 0.23969413340091705]
[1.0, 1.0, 1.0, 1.0, 1.0, 1.0, 1.0, 1.0, 1.0, 1.0, 1.0]
[1.0, 0.99944669008255, 0.8377299308776855, 0.41401538252830505]
[1.0, 1.0, 1.0, 1.0, 1.0, 1.0, 1.0, 1.0, 1.0, 1.0, 1.0]
[1.0, 1.0, 1.0, 1.0, 1.0, 1.0, 1.0, 1.0, 1.0, 1.0, 1.0]
[1.0, 1.0, 1.0, 1.0, 1.0, 1.0, 1.0, 1.0, 1.0, 1.0, 1.0]
[1.0, 1.0, 1.0, 1.0, 1.0, 1.0, 1.0, 1.0, 1.0, 1.0, 1.0]
[1.0, 1.0, 1.0, 1.0, 1.0, 1.0, 1.0, 1.0, 1.0, 1.0, 1.0]
[1.0, 1.0, 1.0, 1.0, 1.0, 1.0, 1.0, 1.0, 1.0, 1.0, 1.0]
[1.0, 1.0, 1.0, 1.0, 1.0, 1.0, 1.0, 1.0, 1.0, 1.0, 1.0]
[1.0, 1.0, 1.0, 1.0, 1.0, 1.0, 1.0, 1.0, 1.0, 1.0, 1.0]
[1.0, 0.9997047781944275, 0.9950612187385559, 0.9942118525505066, 0.9137969017028809, 0.6131433844566345, 0.20892301201820374]
[1.0, 0.9499859809875488, 0.3801279664039612]
[1.0, 0.9991841912269592, 0.9487149715423584, 0.27255573868751526]
[1.0, 0.9226323962211609, 0.5613263249397278, 0.06652311235666275]
[1.0, 0.9997662901878357, 0.9988614320755005, 0.9968388080596924, 0.9901783466339111, 0.975273609161377, 0.9437813758850098, 0.916229784488678, 0.8549197912216187, 0.8189923763275146, 0.8034641146659851]
[1.0, 1.0, 1.0, 1.0, 1.0, 1.0, 1.0, 1.0, 1.0, 1.0, 1.0]
[1.0, 1.0, 1.0, 1.0, 1.0, 1.0, 1.0, 1.0, 1.0, 1.0, 1.0]
[1.0, 1.0, 1.0, 1.0, 1.0, 1.0, 1.0, 1.0, 1.0, 1.0, 1.0]
[1.0, 1.0, 1.0, 1.0, 1.0, 1.0, 1.0, 1.0, 1.0, 1.0, 1.0]
[1.0, 1.0, 1.0, 1.0, 1.0, 1.0, 1.0, 1.0, 1.0, 1.0, 1.0]
[1.0, 1.0, 1.0, 1.0, 1.0, 1.0, 1.0, 1.0, 1.0, 1.0, 1.0]
[1.0, 1.0, 1.0, 1.0, 1.0, 1.0, 1.0, 1.0, 1.0, 1.0, 1.0]
[1.0, 1.0, 1.0, 1.0, 1.0, 1.0, 1.0, 1.0, 1.0, 1.0, 1.0]
[1.0, 1.0, 1.0, 1.0, 1.0, 1.0, 1.0, 1.0, 1.0, 1.0, 1.0]
[1.0, 1.0, 1.0, 1.0, 1.0, 1.0, 1.0, 1.0, 1.0, 1.0, 1.0]
[1.0, 1.0, 1.0, 1.0, 1.0, 1.0, 1.0, 1.0, 1.0, 1.0, 1.0]
[1.0, 1.0, 1.0, 1.0, 1.0, 1.0, 1.0, 1.0, 1.0, 1.0, 1.0]
[1.0, 1.0, 1.0, 1.0, 1.0, 1.0, 1.0, 1.0, 1.0, 1.0, 1.0]
[1.0, 1.0, 1.0, 1.0, 1.0, 1.0, 1.0, 1.0, 1.0, 1.0, 1.0]
[1.0, 1.0, 1.0, 1.0, 1.0, 1.0, 1.0, 1.0, 1.0, 1.0, 1.0]
[1.0, 1.0, 1.0, 1.0, 1.0, 1.0, 1.0, 1.0, 1.0, 1.0, 1.0]
[1.0, 1.0, 1.0, 1.0, 1.0, 1.0, 1.0, 1.0, 1.0, 1.0, 1.0]
[1.0, 1.0, 1.0, 1.0, 1.0, 1.0, 1.0, 1.0, 1.0, 1.0, 1.0]
[1.0, 1.0, 1.0, 1.0, 1.0, 1.0, 1.0, 1.0, 1.0, 1.0, 1.0]
[1.0, 1.0, 1.0, 1.0, 1.0, 1.0, 1.0, 1.0, 1.0, 1.0, 1.0]
[1.0, 1.0, 1.0, 1.0, 1.0, 1.0, 1.0, 1.0, 1.0, 1.0, 1.0]
[1.0, 0.9999046325683594, 0.9999046325683594, 0.9999046325683594, 0.9999046325683594, 0.9999046325683594, 0.9999046325683594, 0.9999046325683594, 0.9999046325683594, 0.9999046325683594, 0.9999046325683594]
[1.0, 1.0, 1.0, 1.0, 1.0, 1.0, 1.0, 1.0, 1.0, 1.0, 1.0]
[1.0, 0.00014573315274901688]
[1.0, 1.0, 1.0, 1.0, 1.0, 1.0, 1.0, 1.0, 1.0, 1.0, 1.0]
[1.0, 0.9077166318893433, 0.0015356943476945162]
[1.0, 0.9996685981750488, 0.9990106821060181, 0.9996321201324463, 0.9979096055030823, 0.9990924596786499, 0.9983426332473755, 0.9994574189186096, 0.99834144115448, 0.9993738532066345, 0.9982757568359375]
[1.0, 0.9845011234283447, 0.7297053933143616, 0.20830287039279938]
[1.0, 0.9990882873535156, 0.9295852780342102, 0.5932002067565918, 0.11789817363023758]
[1.0, 0.9905436635017395, 0.9671000242233276, 0.9647099375724792, 0.9382092952728271, 0.9317412376403809, 0.9114626049995422, 0.8955139517784119, 0.9082084894180298, 0.9387170076370239, 0.8954189419746399]
[1.0, 1.0, 1.0, 1.0, 1.0, 1.0, 1.0, 1.0, 1.0, 1.0, 1.0]
[1.0, 1.0, 1.0, 1.0, 1.0, 1.0, 1.0, 1.0, 1.0, 1.0, 1.0]
[1.0, 1.0, 1.0, 1.0, 1.0, 1.0, 1.0, 1.0, 1.0, 1.0, 1.0]
[1.0, 1.0, 1.0, 1.0, 1.0, 1.0, 1.0, 1.0, 1.0, 1.0, 1.0]
[1.0, 1.0, 1.0, 1.0, 1.0, 1.0, 1.0, 1.0, 1.0, 1.0, 1.0]
[1.0, 0.9540541768074036, 0.0030769959557801485]
[1.0, 0.0003401402791496366]
[1.0, 1.0, 1.0, 1.0, 1.0, 1.0, 1.0, 1.0, 1.0, 1.0, 1.0]
[1.0, 1.0, 1.0, 1.0, 1.0, 1.0, 1.0, 1.0, 1.0, 1.0, 1.0]
[1.0, 1.0, 1.0, 1.0, 1.0, 1.0, 1.0, 1.0, 1.0, 1.0, 1.0]
[1.0, 0.9662812948226929, 0.013579601421952248]
[1.0, 0.9992998838424683, 0.9960231781005859, 0.9832165837287903, 0.9894646406173706, 0.8710319995880127, 0.9708724617958069, 0.6781314015388489, 0.8457906246185303, 0.3922681212425232]
[1.0, 0.01219746470451355]
[1.0, 0.025514138862490654]
[1.0, 0.8940847516059875, 0.3420785069465637]
[1.0, 0.0005888534360565245]
[1.0, 0.9918349981307983, 0.6919819712638855, 0.997829020023346, 0.5142323970794678, 0.9958621263504028, 0.5486930012702942, 0.9992306232452393, 0.4986417293548584]
[1.0, 0.9999953508377075, 0.9999316930770874, 0.9999722242355347, 0.9997106194496155, 0.9999722242355347, 0.9995495676994324, 0.9999645948410034, 0.99962317943573, 0.9999735355377197, 0.9995131492614746]
[1.0, 1.0, 1.0, 1.0, 1.0, 1.0, 1.0, 1.0, 1.0, 1.0, 1.0]
[1.0, 1.0, 1.0, 1.0, 1.0, 1.0, 1.0, 1.0, 1.0, 1.0, 1.0]
[1.0, 0.9962005019187927, 0.9793123006820679, 0.9793123006820679, 0.9793123006820679, 0.9793123006820679, 0.9793123006820679, 0.9793123006820679, 0.9793123006820679, 0.9793123006820679, 0.9793123006820679]
[1.0, 1.0, 1.0, 1.0, 1.0, 1.0, 1.0, 1.0, 1.0, 1.0, 1.0]
[1.0, 0.47589829564094543]
[1.0, 0.9987346529960632, 0.9468972086906433, 0.9569394588470459, 0.8065237998962402, 0.7801352143287659, 0.7168927192687988, 0.5325226187705994, 0.5106127262115479, 0.37011128664016724]
[1.0, 0.9984917640686035, 0.9985488057136536, 0.9955253005027771, 0.9858381152153015, 0.9371944069862366, 0.9791631102561951, 0.9338032603263855, 0.8532578349113464, 0.7027727961540222, 0.6567366719245911]
[1.0, 1.0, 1.0, 1.0, 1.0, 1.0, 1.0, 1.0, 1.0, 1.0, 1.0]
[1.0, 0.9471786618232727, 0.019025439396500587]
[1.0, 0.9999877214431763, 0.9999351501464844, 0.999022364616394, 0.9939029812812805, 0.9632260799407959, 0.9797884821891785, 0.9504144787788391, 0.9668018221855164, 0.9372110962867737, 0.9813675284385681]
[1.0, 1.0, 1.0, 1.0, 1.0, 1.0, 1.0, 1.0, 1.0, 1.0, 1.0]
[1.0, 1.0, 1.0, 1.0, 1.0, 1.0, 1.0, 1.0, 1.0, 1.0, 1.0]
[1.0, 1.0, 1.0, 1.0, 1.0, 1.0, 1.0, 1.0, 1.0, 1.0, 1.0]
[1.0, 0.9992313385009766, 0.9992313385009766, 0.9992313385009766, 0.9992313385009766, 0.9992313385009766, 0.9992313385009766, 0.9992313385009766, 0.9992313385009766, 0.9992313385009766, 0.9992313385009766]
[1.0, 1.0, 1.0, 1.0, 1.0, 1.0, 1.0, 1.0, 1.0, 1.0, 1.0]
[1.0, 1.0, 1.0, 1.0, 1.0, 1.0, 1.0, 1.0, 1.0, 1.0, 1.0]
[1.0, 1.0, 1.0, 1.0, 1.0, 1.0, 1.0, 1.0, 1.0, 1.0, 1.0]
[1.0, 0.9544699192047119, 0.07560420036315918]
[1.0, 0.4191841781139374]
[1.0, 0.04184461757540703]
[1.0, 1.0, 1.0, 1.0, 1.0, 1.0, 1.0, 1.0, 1.0, 1.0, 1.0]
[1.0, 1.0, 1.0, 1.0, 1.0, 1.0, 1.0, 1.0, 1.0, 1.0, 1.0]
[1.0, 1.0, 1.0, 1.0, 1.0, 1.0, 1.0, 1.0, 1.0, 1.0, 1.0]
[1.0, 1.0, 1.0, 1.0, 1.0, 1.0, 1.0, 1.0, 1.0, 1.0, 1.0]
[1.0, 1.0, 1.0, 1.0, 1.0, 1.0, 1.0, 1.0, 1.0, 1.0, 1.0]
[1.0, 0.9701904058456421, 0.950163722038269, 0.950163722038269, 0.950163722038269, 0.950163722038269, 0.950163722038269, 0.950163722038269, 0.950163722038269, 0.950163722038269, 0.950163722038269]
[1.0, 1.0, 1.0, 1.0, 1.0, 1.0, 1.0, 1.0, 1.0, 1.0, 1.0]
[1.0, 1.0, 1.0, 1.0, 1.0, 1.0, 1.0, 1.0, 1.0, 1.0, 1.0]
[1.0, 0.9131919741630554, 0.0015241990331560373]
[1.0, 6.293112619459862e-06]
[1.0, 1.0, 1.0, 1.0, 1.0, 1.0, 1.0, 1.0, 1.0, 1.0, 1.0]
[1.0, 1.0, 1.0, 1.0, 1.0, 1.0, 1.0, 1.0, 1.0, 1.0, 1.0]
[1.0, 1.0, 1.0, 1.0, 1.0, 1.0, 1.0, 1.0, 1.0, 1.0, 1.0]
[1.0, 0.15621402859687805]
[1.0, 1.0, 1.0, 1.0, 1.0, 1.0, 1.0, 1.0, 1.0, 1.0, 1.0]
[1.0, 1.0, 1.0, 1.0, 1.0, 1.0, 1.0, 1.0, 1.0, 1.0, 1.0]
[1.0, 2.3086868168320507e-06]
[1.0, 0.9948189854621887, 0.9948189854621887, 0.9948189854621887, 0.9948189854621887, 0.9948189854621887, 0.9948189854621887, 0.9948189854621887, 0.9948189854621887, 0.9948189854621887, 0.9948189854621887]
[1.0, 1.0, 1.0, 1.0, 1.0, 1.0, 1.0, 1.0, 1.0, 1.0, 1.0]
[1.0, 1.0, 1.0, 1.0, 1.0, 1.0, 1.0, 1.0, 1.0, 1.0, 1.0]
[1.0, 1.0, 1.0, 1.0, 1.0, 1.0, 1.0, 1.0, 1.0, 1.0, 1.0]
[1.0, 1.0, 1.0, 1.0, 1.0, 1.0, 1.0, 1.0, 1.0, 1.0, 1.0]
[1.0, 1.0, 1.0, 1.0, 1.0, 1.0, 1.0, 1.0, 1.0, 1.0, 1.0]
[1.0, 1.0, 1.0, 1.0, 1.0, 1.0, 1.0, 1.0, 1.0, 1.0, 1.0]
[1.0, 0.9999198913574219, 0.9999182224273682, 0.9999182224273682, 0.9999182224273682, 0.9999182224273682, 0.9999182224273682, 0.9999182224273682, 0.9999182224273682, 0.9999182224273682, 0.9999182224273682]
[1.0, 1.0, 1.0, 1.0, 1.0, 1.0, 1.0, 1.0, 1.0, 1.0, 1.0]
[1.0, 1.0, 1.0, 1.0, 1.0, 1.0, 1.0, 1.0, 1.0, 1.0, 1.0]
[1.0, 0.9986369013786316, 0.9753283262252808, 0.9040316343307495, 0.4990413784980774]
[1.0, 1.0, 1.0, 1.0, 1.0, 1.0, 1.0, 1.0, 1.0, 1.0, 1.0]
[1.0, 1.0, 1.0, 1.0, 1.0, 1.0, 1.0, 1.0, 1.0, 1.0, 1.0]
[1.0, 1.0, 1.0, 1.0, 1.0, 1.0, 1.0, 1.0, 1.0, 1.0, 1.0]
[1.0, 1.0, 1.0, 1.0, 1.0, 1.0, 1.0, 1.0, 1.0, 1.0, 1.0]
[1.0, 1.0, 1.0, 1.0, 1.0, 1.0, 1.0, 1.0, 1.0, 1.0, 1.0]
[1.0, 1.0, 1.0, 1.0, 1.0, 1.0, 1.0, 1.0, 1.0, 1.0, 1.0]
[1.0, 1.0, 1.0, 1.0, 1.0, 1.0, 1.0, 1.0, 1.0, 1.0, 1.0]
[1.0, 1.0, 1.0, 1.0, 1.0, 1.0, 1.0, 1.0, 1.0, 1.0, 1.0]
[1.0, 1.0, 1.0, 1.0, 1.0, 1.0, 1.0, 1.0, 1.0, 1.0, 1.0]
[1.0, 1.0, 1.0, 1.0, 1.0, 1.0, 1.0, 1.0, 1.0, 1.0, 1.0]
[1.0, 0.9755370616912842, 0.5616629719734192, 0.026192238554358482]
[1.0, 1.0, 1.0, 1.0, 1.0, 1.0, 1.0, 1.0, 1.0, 1.0, 1.0]
[1.0, 0.976037859916687, 0.05248945206403732]
[1.0, 0.016334641724824905]
[1.0, 1.0, 1.0, 1.0, 1.0, 1.0, 1.0, 1.0, 1.0, 1.0, 1.0]
[1.0, 1.0, 1.0, 1.0, 1.0, 1.0, 1.0, 1.0, 1.0, 1.0, 1.0]
[1.0, 1.0, 1.0, 1.0, 1.0, 1.0, 1.0, 1.0, 1.0, 1.0, 1.0]
[1.0, 0.9939483404159546, 0.973899781703949, 0.9470926523208618, 0.9139145016670227, 0.8654959797859192, 0.8180450201034546, 0.7865902781486511, 0.7614530324935913, 0.746471107006073, 0.7402806878089905]
[1.0, 1.0, 1.0, 1.0, 1.0, 1.0, 1.0, 1.0, 1.0, 1.0, 1.0]
[1.0, 1.0, 1.0, 1.0, 1.0, 1.0, 1.0, 1.0, 1.0, 1.0, 1.0]
[1.0, 1.0, 1.0, 1.0, 1.0, 1.0, 1.0, 1.0, 1.0, 1.0, 1.0]
[1.0, 1.0, 1.0, 1.0, 1.0, 1.0, 1.0, 1.0, 1.0, 1.0, 1.0]
[1.0, 0.9999505281448364, 0.9999505281448364, 0.9999505281448364, 0.9999505281448364, 0.9999505281448364, 0.9999505281448364, 0.9999505281448364, 0.9999505281448364, 0.9999505281448364, 0.9999505281448364]
[1.0, 1.0, 1.0, 1.0, 1.0, 1.0, 1.0, 1.0, 1.0, 1.0, 1.0]
[1.0, 0.9810685515403748, 0.09453750401735306]
[1.0, 0.5142571926116943, 0.5142571926116943, 0.5142571926116943, 0.5142571926116943, 0.5142571926116943, 0.5142571926116943, 0.5142571926116943, 0.5142571926116943, 0.5142571926116943, 0.5142571926116943]
[1.0, 1.0, 1.0, 1.0, 1.0, 1.0, 1.0, 1.0, 1.0, 1.0, 1.0]
[1.0, 1.0, 1.0, 1.0, 1.0, 1.0, 1.0, 1.0, 1.0, 1.0, 1.0]
[1.0, 1.0, 1.0, 1.0, 1.0, 1.0, 1.0, 1.0, 1.0, 1.0, 1.0]
[1.0, 1.0, 1.0, 1.0, 1.0, 1.0, 1.0, 1.0, 1.0, 1.0, 1.0]
[1.0, 1.0, 1.0, 1.0, 1.0, 1.0, 1.0, 1.0, 1.0, 1.0, 1.0]
[1.0, 0.9862328767776489, 0.6059200763702393, 0.07883765548467636]
[1.0, 0.8943499326705933, 0.6979021430015564, 0.5046283602714539, 0.037354253232479095]
[1.0, 0.9998766183853149, 0.9745614528656006, 0.45568615198135376]
[1.0, 0.9996669292449951, 0.9895219206809998, 0.9827064275741577, 0.8964170217514038, 0.9527559876441956, 0.8246973752975464, 0.9008011221885681, 0.7697585225105286, 0.9290134906768799, 0.7549028992652893]
[1.0, 1.0, 1.0, 1.0, 1.0, 1.0, 1.0, 1.0, 1.0, 1.0, 1.0]
[1.0, 1.0, 1.0, 1.0, 1.0, 1.0, 1.0, 1.0, 1.0, 1.0, 1.0]
[1.0, 1.0, 1.0, 1.0, 1.0, 1.0, 1.0, 1.0, 1.0, 1.0, 1.0]
[1.0, 1.0, 1.0, 1.0, 1.0, 1.0, 1.0, 1.0, 1.0, 1.0, 1.0]
[1.0, 1.0, 1.0, 1.0, 1.0, 1.0, 1.0, 1.0, 1.0, 1.0, 1.0]
[1.0, 1.0, 1.0, 1.0, 1.0, 1.0, 1.0, 1.0, 1.0, 1.0, 1.0]
[1.0, 1.0, 1.0, 1.0, 1.0, 1.0, 1.0, 1.0, 1.0, 1.0, 1.0]
[1.0, 1.0, 1.0, 1.0, 1.0, 1.0, 1.0, 1.0, 1.0, 1.0, 1.0]
[1.0, 1.0, 1.0, 1.0, 1.0, 1.0, 1.0, 1.0, 1.0, 1.0, 1.0]
[1.0, 1.0, 1.0, 1.0, 1.0, 1.0, 1.0, 1.0, 1.0, 1.0, 1.0]
[1.0, 1.0, 1.0, 1.0, 1.0, 1.0, 1.0, 1.0, 1.0, 1.0, 1.0]
[1.0, 1.0, 1.0, 1.0, 1.0, 1.0, 1.0, 1.0, 1.0, 1.0, 1.0]
[1.0, 1.0, 1.0, 1.0, 1.0, 1.0, 1.0, 1.0, 1.0, 1.0, 1.0]
[1.0, 1.0, 1.0, 1.0, 1.0, 1.0, 1.0, 1.0, 1.0, 1.0, 1.0]
[1.0, 1.0, 1.0, 1.0, 1.0, 1.0, 1.0, 1.0, 1.0, 1.0, 1.0]
[1.0, 1.0, 1.0, 1.0, 1.0, 1.0, 1.0, 1.0, 1.0, 1.0, 1.0]
[1.0, 0.985348641872406, 0.9690630435943604, 0.8634046316146851, 0.9311385750770569, 0.8121825456619263, 0.7018529176712036, 0.8143705725669861, 0.7005771994590759, 0.8333213925361633, 0.7091033458709717]
[1.0, 0.9640482664108276, 0.9752110242843628, 0.956057608127594, 0.9590233564376831, 0.9343417286872864, 0.9615957140922546, 0.9473172426223755, 0.9685903191566467, 0.9431968331336975, 0.963567316532135]
[1.0, 0.00018570656538940966]
[1.0, 0.8588839769363403, 0.033814337104558945]
[1.0, 1.0, 1.0, 1.0, 1.0, 1.0, 1.0, 1.0, 1.0, 1.0, 1.0]
[1.0, 1.0, 1.0, 1.0, 1.0, 1.0, 1.0, 1.0, 1.0, 1.0, 1.0]
[1.0, 1.0, 1.0, 1.0, 1.0, 1.0, 1.0, 1.0, 1.0, 1.0, 1.0]
[1.0, 1.0, 1.0, 1.0, 1.0, 1.0, 1.0, 1.0, 1.0, 1.0, 1.0]
[1.0, 1.0, 1.0, 1.0, 1.0, 1.0, 1.0, 1.0, 1.0, 1.0, 1.0]
[1.0, 1.0, 1.0, 1.0, 1.0, 1.0, 1.0, 1.0, 1.0, 1.0, 1.0]
[1.0, 1.0, 1.0, 1.0, 1.0, 1.0, 1.0, 1.0, 1.0, 1.0, 1.0]
[1.0, 0.018858183175325394]
[1.0, 1.0, 1.0, 1.0, 1.0, 1.0, 1.0, 1.0, 1.0, 1.0, 1.0]
[1.0, 0.9922183752059937, 0.49337559938430786]
[1.0, 0.018664473667740822]
[1.0, 0.006524931639432907]
[1.0, 0.9996590614318848, 0.8113386631011963, 0.8775075674057007, 0.006783522665500641]
[1.0, 0.9953575730323792, 0.9751215577125549, 0.9832900762557983, 0.9643363952636719, 0.9714599251747131, 0.9628617167472839, 0.9828638434410095, 0.9680113196372986, 0.9827415347099304, 0.9674443006515503]
[1.0, 0.9018456935882568, 0.24595528841018677]
[1.0, 0.999972939491272, 0.9996910095214844, 0.9944742321968079, 0.9704280495643616, 0.9631531238555908, 0.6991265416145325, 0.2493087202310562]
[1.0, 1.0, 1.0, 1.0, 1.0, 1.0, 1.0, 1.0, 1.0, 1.0, 1.0]
[1.0, 1.0, 1.0, 1.0, 1.0, 1.0, 1.0, 1.0, 1.0, 1.0, 1.0]
Epoch: 2 Average evasion rate on trainset with different patch: 64.646%
[1.0, 1.0, 1.0, 1.0, 1.0, 1.0, 1.0, 1.0, 1.0, 1.0, 1.0]
[1.0, 1.0, 1.0, 1.0, 1.0, 1.0, 1.0, 1.0, 1.0, 1.0, 1.0]
[1.0, 1.0, 1.0, 1.0, 1.0, 1.0, 1.0, 1.0, 1.0, 1.0, 1.0]
[1.0, 1.0, 1.0, 1.0, 1.0, 1.0, 1.0, 1.0, 1.0, 1.0, 1.0]
[1.0, 1.0, 1.0, 1.0, 1.0, 1.0, 1.0, 1.0, 1.0, 1.0, 1.0]
[1.0, 1.0, 1.0, 1.0, 1.0, 1.0, 1.0, 1.0, 1.0, 1.0, 1.0]
[1.0, 1.0, 1.0, 1.0, 1.0, 1.0, 1.0, 1.0, 1.0, 1.0, 1.0]
[1.0, 1.0, 1.0, 1.0, 1.0, 1.0, 1.0, 1.0, 1.0, 1.0, 1.0]
[1.0, 1.0, 1.0, 1.0, 1.0, 1.0, 1.0, 1.0, 1.0, 1.0, 1.0]
[1.0, 0.9990941286087036, 0.9871381521224976, 0.9871381521224976, 0.9871381521224976, 0.9871381521224976, 0.9871381521224976, 0.9871381521224976, 0.9871381521224976, 0.9871381521224976, 0.9871381521224976]
[1.0, 1.0, 1.0, 1.0, 1.0, 1.0, 1.0, 1.0, 1.0, 1.0, 1.0]
[1.0, 1.0, 1.0, 1.0, 1.0, 1.0, 1.0, 1.0, 1.0, 1.0, 1.0]
[1.0, 1.0, 1.0, 1.0, 1.0, 1.0, 1.0, 1.0, 1.0, 1.0, 1.0]
[1.0, 1.0, 1.0, 1.0, 1.0, 1.0, 1.0, 1.0, 1.0, 1.0, 1.0]
[1.0, 1.0, 1.0, 1.0, 1.0, 1.0, 1.0, 1.0, 1.0, 1.0, 1.0]
[1.0, 1.0, 1.0, 1.0, 1.0, 1.0, 1.0, 1.0, 1.0, 1.0, 1.0]
[1.0, 0.9998923540115356, 0.9958194494247437, 0.9292230010032654, 0.6490509510040283, 0.9459203481674194, 0.6183947920799255, 0.41137367486953735]
[1.0, 0.12493768334388733]
[1.0, 0.5643793344497681, 0.006138077471405268]
[1.0, 1.0, 1.0, 1.0, 1.0, 1.0, 1.0, 1.0, 1.0, 1.0, 1.0]
[1.0, 1.0, 1.0, 1.0, 1.0, 1.0, 1.0, 1.0, 1.0, 1.0, 1.0]
[1.0, 0.9154402017593384, 0.007199467159807682]
[1.0, 1.0, 1.0, 1.0, 1.0, 1.0, 1.0, 1.0, 1.0, 1.0, 1.0]
[1.0, 0.9998273253440857, 0.9583157300949097, 0.35315442085266113]
[1.0, 0.9976332187652588, 0.9801520705223083, 0.9072684049606323, 0.7038992643356323, 0.3577830493450165]
[1.0, 1.0, 1.0, 1.0, 1.0, 1.0, 1.0, 1.0, 1.0, 1.0, 1.0]
[1.0, 1.0, 1.0, 1.0, 1.0, 1.0, 1.0, 1.0, 1.0, 1.0, 1.0]
[1.0, 1.0, 1.0, 1.0, 1.0, 1.0, 1.0, 1.0, 1.0, 1.0, 1.0]
[1.0, 1.0, 1.0, 1.0, 1.0, 1.0, 1.0, 1.0, 1.0, 1.0, 1.0]
[1.0, 0.998829185962677, 0.9914007782936096, 0.9914007782936096, 0.9914007782936096, 0.9914007782936096, 0.9914007782936096, 0.9914007782936096, 0.9914007782936096, 0.9914007782936096, 0.9914007782936096]
[1.0, 1.0, 1.0, 1.0, 1.0, 1.0, 1.0, 1.0, 1.0, 1.0, 1.0]
[1.0, 1.0, 1.0, 1.0, 1.0, 1.0, 1.0, 1.0, 1.0, 1.0, 1.0]
[1.0, 1.0, 1.0, 1.0, 1.0, 1.0, 1.0, 1.0, 1.0, 1.0, 1.0]
[1.0, 1.0, 1.0, 1.0, 1.0, 1.0, 1.0, 1.0, 1.0, 1.0, 1.0]
[1.0, 1.0, 1.0, 1.0, 1.0, 1.0, 1.0, 1.0, 1.0, 1.0, 1.0]
[1.0, 1.0, 1.0, 1.0, 1.0, 1.0, 1.0, 1.0, 1.0, 1.0, 1.0]
[1.0, 1.0, 1.0, 1.0, 1.0, 1.0, 1.0, 1.0, 1.0, 1.0, 1.0]
[1.0, 1.0, 1.0, 1.0, 1.0, 1.0, 1.0, 1.0, 1.0, 1.0, 1.0]
[1.0, 1.0, 1.0, 1.0, 1.0, 1.0, 1.0, 1.0, 1.0, 1.0, 1.0]
[1.0, 0.9926629066467285, 0.3674040138721466]
[1.0, 1.0, 1.0, 1.0, 1.0, 1.0, 1.0, 1.0, 1.0, 1.0, 1.0]
[1.0, 0.9998095631599426, 0.9977638721466064, 0.9595401287078857, 0.710128664970398, 5.6076791224768385e-05]
[1.0, 0.995941698551178, 0.9997201561927795, 0.9928734302520752, 0.9994932413101196, 0.9908492565155029, 0.9992675185203552, 0.991381824016571, 0.9991990923881531, 0.9911885261535645, 0.9993222951889038]
[1.0, 0.20367085933685303]
[1.0, 0.999997615814209, 0.9999514818191528, 0.9999936819076538, 0.9999405145645142, 0.9999946355819702, 0.9999375343322754, 0.9999945163726807, 0.9999347925186157, 0.9999942779541016, 0.9999397993087769]
[1.0, 0.08187896758317947]
[1.0, 0.9914698004722595, 0.8593294024467468, 0.23969413340091705]
[1.0, 1.0, 1.0, 1.0, 1.0, 1.0, 1.0, 1.0, 1.0, 1.0, 1.0]
[1.0, 0.99944669008255, 0.8377299308776855, 0.41401538252830505]
[1.0, 1.0, 1.0, 1.0, 1.0, 1.0, 1.0, 1.0, 1.0, 1.0, 1.0]
[1.0, 1.0, 1.0, 1.0, 1.0, 1.0, 1.0, 1.0, 1.0, 1.0, 1.0]
[1.0, 1.0, 1.0, 1.0, 1.0, 1.0, 1.0, 1.0, 1.0, 1.0, 1.0]
[1.0, 1.0, 1.0, 1.0, 1.0, 1.0, 1.0, 1.0, 1.0, 1.0, 1.0]
[1.0, 1.0, 1.0, 1.0, 1.0, 1.0, 1.0, 1.0, 1.0, 1.0, 1.0]
[1.0, 1.0, 1.0, 1.0, 1.0, 1.0, 1.0, 1.0, 1.0, 1.0, 1.0]
[1.0, 1.0, 1.0, 1.0, 1.0, 1.0, 1.0, 1.0, 1.0, 1.0, 1.0]
[1.0, 1.0, 1.0, 1.0, 1.0, 1.0, 1.0, 1.0, 1.0, 1.0, 1.0]
[1.0, 0.9997047781944275, 0.9950612187385559, 0.9942118525505066, 0.9137969017028809, 0.6131433844566345, 0.20892301201820374]
[1.0, 0.9499859809875488, 0.3801279664039612]
[1.0, 0.9991841912269592, 0.9487149715423584, 0.27255573868751526]
[1.0, 0.9226323962211609, 0.5613263249397278, 0.06652311235666275]
[1.0, 0.9997662901878357, 0.9988614320755005, 0.9968388080596924, 0.9901783466339111, 0.975273609161377, 0.9437813758850098, 0.916229784488678, 0.8549197912216187, 0.8189923763275146, 0.8034641146659851]
[1.0, 1.0, 1.0, 1.0, 1.0, 1.0, 1.0, 1.0, 1.0, 1.0, 1.0]
[1.0, 1.0, 1.0, 1.0, 1.0, 1.0, 1.0, 1.0, 1.0, 1.0, 1.0]
[1.0, 1.0, 1.0, 1.0, 1.0, 1.0, 1.0, 1.0, 1.0, 1.0, 1.0]
[1.0, 1.0, 1.0, 1.0, 1.0, 1.0, 1.0, 1.0, 1.0, 1.0, 1.0]
[1.0, 1.0, 1.0, 1.0, 1.0, 1.0, 1.0, 1.0, 1.0, 1.0, 1.0]
[1.0, 1.0, 1.0, 1.0, 1.0, 1.0, 1.0, 1.0, 1.0, 1.0, 1.0]
[1.0, 1.0, 1.0, 1.0, 1.0, 1.0, 1.0, 1.0, 1.0, 1.0, 1.0]
[1.0, 1.0, 1.0, 1.0, 1.0, 1.0, 1.0, 1.0, 1.0, 1.0, 1.0]
[1.0, 1.0, 1.0, 1.0, 1.0, 1.0, 1.0, 1.0, 1.0, 1.0, 1.0]
[1.0, 1.0, 1.0, 1.0, 1.0, 1.0, 1.0, 1.0, 1.0, 1.0, 1.0]
[1.0, 1.0, 1.0, 1.0, 1.0, 1.0, 1.0, 1.0, 1.0, 1.0, 1.0]
[1.0, 1.0, 1.0, 1.0, 1.0, 1.0, 1.0, 1.0, 1.0, 1.0, 1.0]
[1.0, 1.0, 1.0, 1.0, 1.0, 1.0, 1.0, 1.0, 1.0, 1.0, 1.0]
[1.0, 1.0, 1.0, 1.0, 1.0, 1.0, 1.0, 1.0, 1.0, 1.0, 1.0]
[1.0, 1.0, 1.0, 1.0, 1.0, 1.0, 1.0, 1.0, 1.0, 1.0, 1.0]
[1.0, 1.0, 1.0, 1.0, 1.0, 1.0, 1.0, 1.0, 1.0, 1.0, 1.0]
[1.0, 1.0, 1.0, 1.0, 1.0, 1.0, 1.0, 1.0, 1.0, 1.0, 1.0]
[1.0, 1.0, 1.0, 1.0, 1.0, 1.0, 1.0, 1.0, 1.0, 1.0, 1.0]
[1.0, 1.0, 1.0, 1.0, 1.0, 1.0, 1.0, 1.0, 1.0, 1.0, 1.0]
[1.0, 1.0, 1.0, 1.0, 1.0, 1.0, 1.0, 1.0, 1.0, 1.0, 1.0]
[1.0, 1.0, 1.0, 1.0, 1.0, 1.0, 1.0, 1.0, 1.0, 1.0, 1.0]
[1.0, 0.9999046325683594, 0.9999046325683594, 0.9999046325683594, 0.9999046325683594, 0.9999046325683594, 0.9999046325683594, 0.9999046325683594, 0.9999046325683594, 0.9999046325683594, 0.9999046325683594]
[1.0, 1.0, 1.0, 1.0, 1.0, 1.0, 1.0, 1.0, 1.0, 1.0, 1.0]
[1.0, 0.00014573315274901688]
[1.0, 1.0, 1.0, 1.0, 1.0, 1.0, 1.0, 1.0, 1.0, 1.0, 1.0]
[1.0, 0.9077166318893433, 0.0015356943476945162]
[1.0, 0.9996685981750488, 0.9990106821060181, 0.9996321201324463, 0.9979096055030823, 0.9990924596786499, 0.9983426332473755, 0.9994574189186096, 0.99834144115448, 0.9993738532066345, 0.9982757568359375]
[1.0, 0.9845011234283447, 0.7297053933143616, 0.20830287039279938]
[1.0, 0.9990882873535156, 0.9295852780342102, 0.5932002067565918, 0.11789817363023758]
[1.0, 0.9905436635017395, 0.9671000242233276, 0.9647099375724792, 0.9382092952728271, 0.9317412376403809, 0.9114626049995422, 0.8955139517784119, 0.9082084894180298, 0.9387170076370239, 0.8954189419746399]
[1.0, 1.0, 1.0, 1.0, 1.0, 1.0, 1.0, 1.0, 1.0, 1.0, 1.0]
[1.0, 1.0, 1.0, 1.0, 1.0, 1.0, 1.0, 1.0, 1.0, 1.0, 1.0]
[1.0, 1.0, 1.0, 1.0, 1.0, 1.0, 1.0, 1.0, 1.0, 1.0, 1.0]
[1.0, 1.0, 1.0, 1.0, 1.0, 1.0, 1.0, 1.0, 1.0, 1.0, 1.0]
[1.0, 1.0, 1.0, 1.0, 1.0, 1.0, 1.0, 1.0, 1.0, 1.0, 1.0]
[1.0, 0.9540541768074036, 0.0030769959557801485]
[1.0, 0.0003401402791496366]
[1.0, 1.0, 1.0, 1.0, 1.0, 1.0, 1.0, 1.0, 1.0, 1.0, 1.0]
[1.0, 1.0, 1.0, 1.0, 1.0, 1.0, 1.0, 1.0, 1.0, 1.0, 1.0]
[1.0, 1.0, 1.0, 1.0, 1.0, 1.0, 1.0, 1.0, 1.0, 1.0, 1.0]
[1.0, 0.9662812948226929, 0.013579601421952248]
[1.0, 0.9992998838424683, 0.9960231781005859, 0.9832165837287903, 0.9894646406173706, 0.8710319995880127, 0.9708724617958069, 0.6781314015388489, 0.8457906246185303, 0.3922681212425232]
[1.0, 0.01219746470451355]
[1.0, 0.025514138862490654]
[1.0, 0.8940847516059875, 0.3420785069465637]
[1.0, 0.0005888534360565245]
[1.0, 0.9918349981307983, 0.6919819712638855, 0.997829020023346, 0.5142323970794678, 0.9958621263504028, 0.5486930012702942, 0.9992306232452393, 0.4986417293548584]
[1.0, 0.9999953508377075, 0.9999316930770874, 0.9999722242355347, 0.9997106194496155, 0.9999722242355347, 0.9995495676994324, 0.9999645948410034, 0.99962317943573, 0.9999735355377197, 0.9995131492614746]
[1.0, 1.0, 1.0, 1.0, 1.0, 1.0, 1.0, 1.0, 1.0, 1.0, 1.0]
[1.0, 1.0, 1.0, 1.0, 1.0, 1.0, 1.0, 1.0, 1.0, 1.0, 1.0]
[1.0, 0.9962005019187927, 0.9793123006820679, 0.9793123006820679, 0.9793123006820679, 0.9793123006820679, 0.9793123006820679, 0.9793123006820679, 0.9793123006820679, 0.9793123006820679, 0.9793123006820679]
[1.0, 1.0, 1.0, 1.0, 1.0, 1.0, 1.0, 1.0, 1.0, 1.0, 1.0]
[1.0, 0.47589829564094543]
[1.0, 0.9987346529960632, 0.9468972086906433, 0.9569394588470459, 0.8065237998962402, 0.7801352143287659, 0.7168927192687988, 0.5325226187705994, 0.5106127262115479, 0.37011128664016724]
[1.0, 0.9984917640686035, 0.9985488057136536, 0.9955253005027771, 0.9858381152153015, 0.9371944069862366, 0.9791631102561951, 0.9338032603263855, 0.8532578349113464, 0.7027727961540222, 0.6567366719245911]
[1.0, 1.0, 1.0, 1.0, 1.0, 1.0, 1.0, 1.0, 1.0, 1.0, 1.0]
[1.0, 0.9471786618232727, 0.019025439396500587]
[1.0, 0.9999877214431763, 0.9999351501464844, 0.999022364616394, 0.9939029812812805, 0.9632260799407959, 0.9797884821891785, 0.9504144787788391, 0.9668018221855164, 0.9372110962867737, 0.9813675284385681]
[1.0, 1.0, 1.0, 1.0, 1.0, 1.0, 1.0, 1.0, 1.0, 1.0, 1.0]
[1.0, 1.0, 1.0, 1.0, 1.0, 1.0, 1.0, 1.0, 1.0, 1.0, 1.0]
[1.0, 1.0, 1.0, 1.0, 1.0, 1.0, 1.0, 1.0, 1.0, 1.0, 1.0]
[1.0, 0.9992313385009766, 0.9992313385009766, 0.9992313385009766, 0.9992313385009766, 0.9992313385009766, 0.9992313385009766, 0.9992313385009766, 0.9992313385009766, 0.9992313385009766, 0.9992313385009766]
[1.0, 1.0, 1.0, 1.0, 1.0, 1.0, 1.0, 1.0, 1.0, 1.0, 1.0]
[1.0, 1.0, 1.0, 1.0, 1.0, 1.0, 1.0, 1.0, 1.0, 1.0, 1.0]
[1.0, 1.0, 1.0, 1.0, 1.0, 1.0, 1.0, 1.0, 1.0, 1.0, 1.0]
[1.0, 0.9544699192047119, 0.07560420036315918]
[1.0, 0.4191841781139374]
[1.0, 0.04184461757540703]
[1.0, 1.0, 1.0, 1.0, 1.0, 1.0, 1.0, 1.0, 1.0, 1.0, 1.0]
[1.0, 1.0, 1.0, 1.0, 1.0, 1.0, 1.0, 1.0, 1.0, 1.0, 1.0]
[1.0, 1.0, 1.0, 1.0, 1.0, 1.0, 1.0, 1.0, 1.0, 1.0, 1.0]
[1.0, 1.0, 1.0, 1.0, 1.0, 1.0, 1.0, 1.0, 1.0, 1.0, 1.0]
[1.0, 1.0, 1.0, 1.0, 1.0, 1.0, 1.0, 1.0, 1.0, 1.0, 1.0]
[1.0, 0.9701904058456421, 0.950163722038269, 0.950163722038269, 0.950163722038269, 0.950163722038269, 0.950163722038269, 0.950163722038269, 0.950163722038269, 0.950163722038269, 0.950163722038269]
[1.0, 1.0, 1.0, 1.0, 1.0, 1.0, 1.0, 1.0, 1.0, 1.0, 1.0]
[1.0, 1.0, 1.0, 1.0, 1.0, 1.0, 1.0, 1.0, 1.0, 1.0, 1.0]
[1.0, 0.9131919741630554, 0.0015241990331560373]
[1.0, 6.293112619459862e-06]
[1.0, 1.0, 1.0, 1.0, 1.0, 1.0, 1.0, 1.0, 1.0, 1.0, 1.0]
[1.0, 1.0, 1.0, 1.0, 1.0, 1.0, 1.0, 1.0, 1.0, 1.0, 1.0]
[1.0, 1.0, 1.0, 1.0, 1.0, 1.0, 1.0, 1.0, 1.0, 1.0, 1.0]
[1.0, 0.15621402859687805]
[1.0, 1.0, 1.0, 1.0, 1.0, 1.0, 1.0, 1.0, 1.0, 1.0, 1.0]
[1.0, 1.0, 1.0, 1.0, 1.0, 1.0, 1.0, 1.0, 1.0, 1.0, 1.0]
[1.0, 2.3086868168320507e-06]
[1.0, 0.9948189854621887, 0.9948189854621887, 0.9948189854621887, 0.9948189854621887, 0.9948189854621887, 0.9948189854621887, 0.9948189854621887, 0.9948189854621887, 0.9948189854621887, 0.9948189854621887]
[1.0, 1.0, 1.0, 1.0, 1.0, 1.0, 1.0, 1.0, 1.0, 1.0, 1.0]
[1.0, 1.0, 1.0, 1.0, 1.0, 1.0, 1.0, 1.0, 1.0, 1.0, 1.0]
[1.0, 1.0, 1.0, 1.0, 1.0, 1.0, 1.0, 1.0, 1.0, 1.0, 1.0]
[1.0, 1.0, 1.0, 1.0, 1.0, 1.0, 1.0, 1.0, 1.0, 1.0, 1.0]
[1.0, 1.0, 1.0, 1.0, 1.0, 1.0, 1.0, 1.0, 1.0, 1.0, 1.0]
[1.0, 1.0, 1.0, 1.0, 1.0, 1.0, 1.0, 1.0, 1.0, 1.0, 1.0]
[1.0, 0.9999198913574219, 0.9999182224273682, 0.9999182224273682, 0.9999182224273682, 0.9999182224273682, 0.9999182224273682, 0.9999182224273682, 0.9999182224273682, 0.9999182224273682, 0.9999182224273682]
[1.0, 1.0, 1.0, 1.0, 1.0, 1.0, 1.0, 1.0, 1.0, 1.0, 1.0]
[1.0, 1.0, 1.0, 1.0, 1.0, 1.0, 1.0, 1.0, 1.0, 1.0, 1.0]
[1.0, 0.9986369013786316, 0.9753283262252808, 0.9040316343307495, 0.4990413784980774]
[1.0, 1.0, 1.0, 1.0, 1.0, 1.0, 1.0, 1.0, 1.0, 1.0, 1.0]
[1.0, 1.0, 1.0, 1.0, 1.0, 1.0, 1.0, 1.0, 1.0, 1.0, 1.0]
[1.0, 1.0, 1.0, 1.0, 1.0, 1.0, 1.0, 1.0, 1.0, 1.0, 1.0]
[1.0, 1.0, 1.0, 1.0, 1.0, 1.0, 1.0, 1.0, 1.0, 1.0, 1.0]
[1.0, 1.0, 1.0, 1.0, 1.0, 1.0, 1.0, 1.0, 1.0, 1.0, 1.0]
[1.0, 1.0, 1.0, 1.0, 1.0, 1.0, 1.0, 1.0, 1.0, 1.0, 1.0]
[1.0, 1.0, 1.0, 1.0, 1.0, 1.0, 1.0, 1.0, 1.0, 1.0, 1.0]
[1.0, 1.0, 1.0, 1.0, 1.0, 1.0, 1.0, 1.0, 1.0, 1.0, 1.0]
[1.0, 1.0, 1.0, 1.0, 1.0, 1.0, 1.0, 1.0, 1.0, 1.0, 1.0]
[1.0, 1.0, 1.0, 1.0, 1.0, 1.0, 1.0, 1.0, 1.0, 1.0, 1.0]
[1.0, 0.9755370616912842, 0.5616629719734192, 0.026192238554358482]
[1.0, 1.0, 1.0, 1.0, 1.0, 1.0, 1.0, 1.0, 1.0, 1.0, 1.0]
[1.0, 0.976037859916687, 0.05248945206403732]
[1.0, 0.016334641724824905]
[1.0, 1.0, 1.0, 1.0, 1.0, 1.0, 1.0, 1.0, 1.0, 1.0, 1.0]
[1.0, 1.0, 1.0, 1.0, 1.0, 1.0, 1.0, 1.0, 1.0, 1.0, 1.0]
[1.0, 1.0, 1.0, 1.0, 1.0, 1.0, 1.0, 1.0, 1.0, 1.0, 1.0]
[1.0, 0.9939483404159546, 0.973899781703949, 0.9470926523208618, 0.9139145016670227, 0.8654959797859192, 0.8180450201034546, 0.7865902781486511, 0.7614530324935913, 0.746471107006073, 0.7402806878089905]
[1.0, 1.0, 1.0, 1.0, 1.0, 1.0, 1.0, 1.0, 1.0, 1.0, 1.0]
[1.0, 1.0, 1.0, 1.0, 1.0, 1.0, 1.0, 1.0, 1.0, 1.0, 1.0]
[1.0, 1.0, 1.0, 1.0, 1.0, 1.0, 1.0, 1.0, 1.0, 1.0, 1.0]
[1.0, 1.0, 1.0, 1.0, 1.0, 1.0, 1.0, 1.0, 1.0, 1.0, 1.0]
[1.0, 0.9999505281448364, 0.9999505281448364, 0.9999505281448364, 0.9999505281448364, 0.9999505281448364, 0.9999505281448364, 0.9999505281448364, 0.9999505281448364, 0.9999505281448364, 0.9999505281448364]
[1.0, 1.0, 1.0, 1.0, 1.0, 1.0, 1.0, 1.0, 1.0, 1.0, 1.0]
[1.0, 0.9810685515403748, 0.09453750401735306]
[1.0, 0.5142571926116943, 0.5142571926116943, 0.5142571926116943, 0.5142571926116943, 0.5142571926116943, 0.5142571926116943, 0.5142571926116943, 0.5142571926116943, 0.5142571926116943, 0.5142571926116943]
[1.0, 1.0, 1.0, 1.0, 1.0, 1.0, 1.0, 1.0, 1.0, 1.0, 1.0]
[1.0, 1.0, 1.0, 1.0, 1.0, 1.0, 1.0, 1.0, 1.0, 1.0, 1.0]
[1.0, 1.0, 1.0, 1.0, 1.0, 1.0, 1.0, 1.0, 1.0, 1.0, 1.0]
[1.0, 1.0, 1.0, 1.0, 1.0, 1.0, 1.0, 1.0, 1.0, 1.0, 1.0]
[1.0, 1.0, 1.0, 1.0, 1.0, 1.0, 1.0, 1.0, 1.0, 1.0, 1.0]
[1.0, 0.9862328767776489, 0.6059200763702393, 0.07883765548467636]
[1.0, 0.8943499326705933, 0.6979021430015564, 0.5046283602714539, 0.037354253232479095]
[1.0, 0.9998766183853149, 0.9745614528656006, 0.45568615198135376]
[1.0, 0.9996669292449951, 0.9895219206809998, 0.9827064275741577, 0.8964170217514038, 0.9527559876441956, 0.8246973752975464, 0.9008011221885681, 0.7697585225105286, 0.9290134906768799, 0.7549028992652893]
[1.0, 1.0, 1.0, 1.0, 1.0, 1.0, 1.0, 1.0, 1.0, 1.0, 1.0]
[1.0, 1.0, 1.0, 1.0, 1.0, 1.0, 1.0, 1.0, 1.0, 1.0, 1.0]
[1.0, 1.0, 1.0, 1.0, 1.0, 1.0, 1.0, 1.0, 1.0, 1.0, 1.0]
[1.0, 1.0, 1.0, 1.0, 1.0, 1.0, 1.0, 1.0, 1.0, 1.0, 1.0]
[1.0, 1.0, 1.0, 1.0, 1.0, 1.0, 1.0, 1.0, 1.0, 1.0, 1.0]
[1.0, 1.0, 1.0, 1.0, 1.0, 1.0, 1.0, 1.0, 1.0, 1.0, 1.0]
[1.0, 1.0, 1.0, 1.0, 1.0, 1.0, 1.0, 1.0, 1.0, 1.0, 1.0]
[1.0, 1.0, 1.0, 1.0, 1.0, 1.0, 1.0, 1.0, 1.0, 1.0, 1.0]
[1.0, 1.0, 1.0, 1.0, 1.0, 1.0, 1.0, 1.0, 1.0, 1.0, 1.0]
[1.0, 1.0, 1.0, 1.0, 1.0, 1.0, 1.0, 1.0, 1.0, 1.0, 1.0]
[1.0, 1.0, 1.0, 1.0, 1.0, 1.0, 1.0, 1.0, 1.0, 1.0, 1.0]
[1.0, 1.0, 1.0, 1.0, 1.0, 1.0, 1.0, 1.0, 1.0, 1.0, 1.0]
[1.0, 1.0, 1.0, 1.0, 1.0, 1.0, 1.0, 1.0, 1.0, 1.0, 1.0]
[1.0, 1.0, 1.0, 1.0, 1.0, 1.0, 1.0, 1.0, 1.0, 1.0, 1.0]
[1.0, 1.0, 1.0, 1.0, 1.0, 1.0, 1.0, 1.0, 1.0, 1.0, 1.0]
[1.0, 1.0, 1.0, 1.0, 1.0, 1.0, 1.0, 1.0, 1.0, 1.0, 1.0]
[1.0, 0.985348641872406, 0.9690630435943604, 0.8634046316146851, 0.9311385750770569, 0.8121825456619263, 0.7018529176712036, 0.8143705725669861, 0.7005771994590759, 0.8333213925361633, 0.7091033458709717]
[1.0, 0.9640482664108276, 0.9752110242843628, 0.956057608127594, 0.9590233564376831, 0.9343417286872864, 0.9615957140922546, 0.9473172426223755, 0.9685903191566467, 0.9431968331336975, 0.963567316532135]
[1.0, 0.00018570656538940966]
[1.0, 0.8588839769363403, 0.033814337104558945]
[1.0, 1.0, 1.0, 1.0, 1.0, 1.0, 1.0, 1.0, 1.0, 1.0, 1.0]
[1.0, 1.0, 1.0, 1.0, 1.0, 1.0, 1.0, 1.0, 1.0, 1.0, 1.0]
[1.0, 1.0, 1.0, 1.0, 1.0, 1.0, 1.0, 1.0, 1.0, 1.0, 1.0]
[1.0, 1.0, 1.0, 1.0, 1.0, 1.0, 1.0, 1.0, 1.0, 1.0, 1.0]
[1.0, 1.0, 1.0, 1.0, 1.0, 1.0, 1.0, 1.0, 1.0, 1.0, 1.0]
[1.0, 1.0, 1.0, 1.0, 1.0, 1.0, 1.0, 1.0, 1.0, 1.0, 1.0]
[1.0, 1.0, 1.0, 1.0, 1.0, 1.0, 1.0, 1.0, 1.0, 1.0, 1.0]
[1.0, 0.018858183175325394]
[1.0, 1.0, 1.0, 1.0, 1.0, 1.0, 1.0, 1.0, 1.0, 1.0, 1.0]
[1.0, 0.9922183752059937, 0.49337559938430786]
[1.0, 0.018664473667740822]
[1.0, 0.006524931639432907]
[1.0, 0.9996590614318848, 0.8113386631011963, 0.8775075674057007, 0.006783522665500641]
[1.0, 0.9953575730323792, 0.9751215577125549, 0.9832900762557983, 0.9643363952636719, 0.9714599251747131, 0.9628617167472839, 0.9828638434410095, 0.9680113196372986, 0.9827415347099304, 0.9674443006515503]
[1.0, 0.9018456935882568, 0.24595528841018677]
[1.0, 0.999972939491272, 0.9996910095214844, 0.9944742321968079, 0.9704280495643616, 0.9631531238555908, 0.6991265416145325, 0.2493087202310562]
[1.0, 1.0, 1.0, 1.0, 1.0, 1.0, 1.0, 1.0, 1.0, 1.0, 1.0]
[1.0, 1.0, 1.0, 1.0, 1.0, 1.0, 1.0, 1.0, 1.0, 1.0, 1.0]
Epoch: 3 Average evasion rate on trainset with different patch: 54.545%
[1.0, 1.0, 1.0, 1.0, 1.0, 1.0, 1.0, 1.0, 1.0, 1.0, 1.0]
[1.0, 1.0, 1.0, 1.0, 1.0, 1.0, 1.0, 1.0, 1.0, 1.0, 1.0]
[1.0, 1.0, 1.0, 1.0, 1.0, 1.0, 1.0, 1.0, 1.0, 1.0, 1.0]
[1.0, 1.0, 1.0, 1.0, 1.0, 1.0, 1.0, 1.0, 1.0, 1.0, 1.0]
[1.0, 1.0, 1.0, 1.0, 1.0, 1.0, 1.0, 1.0, 1.0, 1.0, 1.0]
[1.0, 1.0, 1.0, 1.0, 1.0, 1.0, 1.0, 1.0, 1.0, 1.0, 1.0]
[1.0, 1.0, 1.0, 1.0, 1.0, 1.0, 1.0, 1.0, 1.0, 1.0, 1.0]
[1.0, 1.0, 1.0, 1.0, 1.0, 1.0, 1.0, 1.0, 1.0, 1.0, 1.0]
[1.0, 1.0, 1.0, 1.0, 1.0, 1.0, 1.0, 1.0, 1.0, 1.0, 1.0]
[1.0, 0.9990941286087036, 0.9871381521224976, 0.9871381521224976, 0.9871381521224976, 0.9871381521224976, 0.9871381521224976, 0.9871381521224976, 0.9871381521224976, 0.9871381521224976, 0.9871381521224976]
[1.0, 1.0, 1.0, 1.0, 1.0, 1.0, 1.0, 1.0, 1.0, 1.0, 1.0]
[1.0, 1.0, 1.0, 1.0, 1.0, 1.0, 1.0, 1.0, 1.0, 1.0, 1.0]
[1.0, 1.0, 1.0, 1.0, 1.0, 1.0, 1.0, 1.0, 1.0, 1.0, 1.0]
[1.0, 1.0, 1.0, 1.0, 1.0, 1.0, 1.0, 1.0, 1.0, 1.0, 1.0]
[1.0, 1.0, 1.0, 1.0, 1.0, 1.0, 1.0, 1.0, 1.0, 1.0, 1.0]
[1.0, 1.0, 1.0, 1.0, 1.0, 1.0, 1.0, 1.0, 1.0, 1.0, 1.0]
[1.0, 0.9998923540115356, 0.9958194494247437, 0.9292230010032654, 0.6490509510040283, 0.9459203481674194, 0.6183947920799255, 0.41137367486953735]
[1.0, 0.12493768334388733]
[1.0, 0.5643793344497681, 0.006138077471405268]
[1.0, 1.0, 1.0, 1.0, 1.0, 1.0, 1.0, 1.0, 1.0, 1.0, 1.0]
[1.0, 1.0, 1.0, 1.0, 1.0, 1.0, 1.0, 1.0, 1.0, 1.0, 1.0]
[1.0, 0.9154402017593384, 0.007199467159807682]
[1.0, 1.0, 1.0, 1.0, 1.0, 1.0, 1.0, 1.0, 1.0, 1.0, 1.0]
[1.0, 0.9998273253440857, 0.9583157300949097, 0.35315442085266113]
[1.0, 0.9976332187652588, 0.9801520705223083, 0.9072684049606323, 0.7038992643356323, 0.3577830493450165]
[1.0, 1.0, 1.0, 1.0, 1.0, 1.0, 1.0, 1.0, 1.0, 1.0, 1.0]
[1.0, 1.0, 1.0, 1.0, 1.0, 1.0, 1.0, 1.0, 1.0, 1.0, 1.0]
[1.0, 1.0, 1.0, 1.0, 1.0, 1.0, 1.0, 1.0, 1.0, 1.0, 1.0]
[1.0, 1.0, 1.0, 1.0, 1.0, 1.0, 1.0, 1.0, 1.0, 1.0, 1.0]
[1.0, 0.998829185962677, 0.9914007782936096, 0.9914007782936096, 0.9914007782936096, 0.9914007782936096, 0.9914007782936096, 0.9914007782936096, 0.9914007782936096, 0.9914007782936096, 0.9914007782936096]
[1.0, 1.0, 1.0, 1.0, 1.0, 1.0, 1.0, 1.0, 1.0, 1.0, 1.0]
[1.0, 1.0, 1.0, 1.0, 1.0, 1.0, 1.0, 1.0, 1.0, 1.0, 1.0]
[1.0, 1.0, 1.0, 1.0, 1.0, 1.0, 1.0, 1.0, 1.0, 1.0, 1.0]
[1.0, 1.0, 1.0, 1.0, 1.0, 1.0, 1.0, 1.0, 1.0, 1.0, 1.0]
[1.0, 1.0, 1.0, 1.0, 1.0, 1.0, 1.0, 1.0, 1.0, 1.0, 1.0]
[1.0, 1.0, 1.0, 1.0, 1.0, 1.0, 1.0, 1.0, 1.0, 1.0, 1.0]
[1.0, 1.0, 1.0, 1.0, 1.0, 1.0, 1.0, 1.0, 1.0, 1.0, 1.0]
[1.0, 1.0, 1.0, 1.0, 1.0, 1.0, 1.0, 1.0, 1.0, 1.0, 1.0]
[1.0, 1.0, 1.0, 1.0, 1.0, 1.0, 1.0, 1.0, 1.0, 1.0, 1.0]
[1.0, 0.9926629066467285, 0.3674040138721466]
[1.0, 1.0, 1.0, 1.0, 1.0, 1.0, 1.0, 1.0, 1.0, 1.0, 1.0]
[1.0, 0.9998095631599426, 0.9977638721466064, 0.9595401287078857, 0.710128664970398, 5.6076791224768385e-05]
[1.0, 0.995941698551178, 0.9997201561927795, 0.9928734302520752, 0.9994932413101196, 0.9908492565155029, 0.9992675185203552, 0.991381824016571, 0.9991990923881531, 0.9911885261535645, 0.9993222951889038]
[1.0, 0.20367085933685303]
[1.0, 0.999997615814209, 0.9999514818191528, 0.9999936819076538, 0.9999405145645142, 0.9999946355819702, 0.9999375343322754, 0.9999945163726807, 0.9999347925186157, 0.9999942779541016, 0.9999397993087769]
[1.0, 0.08187896758317947]
[1.0, 0.9914698004722595, 0.8593294024467468, 0.23969413340091705]
[1.0, 1.0, 1.0, 1.0, 1.0, 1.0, 1.0, 1.0, 1.0, 1.0, 1.0]
[1.0, 0.99944669008255, 0.8377299308776855, 0.41401538252830505]
[1.0, 1.0, 1.0, 1.0, 1.0, 1.0, 1.0, 1.0, 1.0, 1.0, 1.0]
[1.0, 1.0, 1.0, 1.0, 1.0, 1.0, 1.0, 1.0, 1.0, 1.0, 1.0]
[1.0, 1.0, 1.0, 1.0, 1.0, 1.0, 1.0, 1.0, 1.0, 1.0, 1.0]
[1.0, 1.0, 1.0, 1.0, 1.0, 1.0, 1.0, 1.0, 1.0, 1.0, 1.0]
[1.0, 1.0, 1.0, 1.0, 1.0, 1.0, 1.0, 1.0, 1.0, 1.0, 1.0]
[1.0, 1.0, 1.0, 1.0, 1.0, 1.0, 1.0, 1.0, 1.0, 1.0, 1.0]
[1.0, 1.0, 1.0, 1.0, 1.0, 1.0, 1.0, 1.0, 1.0, 1.0, 1.0]
[1.0, 1.0, 1.0, 1.0, 1.0, 1.0, 1.0, 1.0, 1.0, 1.0, 1.0]
[1.0, 0.9997047781944275, 0.9950612187385559, 0.9942118525505066, 0.9137969017028809, 0.6131433844566345, 0.20892301201820374]
[1.0, 0.9499859809875488, 0.3801279664039612]
[1.0, 0.9991841912269592, 0.9487149715423584, 0.27255573868751526]
[1.0, 0.9226323962211609, 0.5613263249397278, 0.06652311235666275]
[1.0, 0.9997662901878357, 0.9988614320755005, 0.9968388080596924, 0.9901783466339111, 0.975273609161377, 0.9437813758850098, 0.916229784488678, 0.8549197912216187, 0.8189923763275146, 0.8034641146659851]
[1.0, 1.0, 1.0, 1.0, 1.0, 1.0, 1.0, 1.0, 1.0, 1.0, 1.0]
[1.0, 1.0, 1.0, 1.0, 1.0, 1.0, 1.0, 1.0, 1.0, 1.0, 1.0]
[1.0, 1.0, 1.0, 1.0, 1.0, 1.0, 1.0, 1.0, 1.0, 1.0, 1.0]
[1.0, 1.0, 1.0, 1.0, 1.0, 1.0, 1.0, 1.0, 1.0, 1.0, 1.0]
[1.0, 1.0, 1.0, 1.0, 1.0, 1.0, 1.0, 1.0, 1.0, 1.0, 1.0]
[1.0, 1.0, 1.0, 1.0, 1.0, 1.0, 1.0, 1.0, 1.0, 1.0, 1.0]
[1.0, 1.0, 1.0, 1.0, 1.0, 1.0, 1.0, 1.0, 1.0, 1.0, 1.0]
[1.0, 1.0, 1.0, 1.0, 1.0, 1.0, 1.0, 1.0, 1.0, 1.0, 1.0]
[1.0, 1.0, 1.0, 1.0, 1.0, 1.0, 1.0, 1.0, 1.0, 1.0, 1.0]
[1.0, 1.0, 1.0, 1.0, 1.0, 1.0, 1.0, 1.0, 1.0, 1.0, 1.0]
[1.0, 1.0, 1.0, 1.0, 1.0, 1.0, 1.0, 1.0, 1.0, 1.0, 1.0]
[1.0, 1.0, 1.0, 1.0, 1.0, 1.0, 1.0, 1.0, 1.0, 1.0, 1.0]
[1.0, 1.0, 1.0, 1.0, 1.0, 1.0, 1.0, 1.0, 1.0, 1.0, 1.0]
[1.0, 1.0, 1.0, 1.0, 1.0, 1.0, 1.0, 1.0, 1.0, 1.0, 1.0]
[1.0, 1.0, 1.0, 1.0, 1.0, 1.0, 1.0, 1.0, 1.0, 1.0, 1.0]
[1.0, 1.0, 1.0, 1.0, 1.0, 1.0, 1.0, 1.0, 1.0, 1.0, 1.0]
[1.0, 1.0, 1.0, 1.0, 1.0, 1.0, 1.0, 1.0, 1.0, 1.0, 1.0]
[1.0, 1.0, 1.0, 1.0, 1.0, 1.0, 1.0, 1.0, 1.0, 1.0, 1.0]
[1.0, 1.0, 1.0, 1.0, 1.0, 1.0, 1.0, 1.0, 1.0, 1.0, 1.0]
[1.0, 1.0, 1.0, 1.0, 1.0, 1.0, 1.0, 1.0, 1.0, 1.0, 1.0]
[1.0, 1.0, 1.0, 1.0, 1.0, 1.0, 1.0, 1.0, 1.0, 1.0, 1.0]
[1.0, 0.9999046325683594, 0.9999046325683594, 0.9999046325683594, 0.9999046325683594, 0.9999046325683594, 0.9999046325683594, 0.9999046325683594, 0.9999046325683594, 0.9999046325683594, 0.9999046325683594]
[1.0, 1.0, 1.0, 1.0, 1.0, 1.0, 1.0, 1.0, 1.0, 1.0, 1.0]
[1.0, 0.00014573315274901688]
[1.0, 1.0, 1.0, 1.0, 1.0, 1.0, 1.0, 1.0, 1.0, 1.0, 1.0]
[1.0, 0.9077166318893433, 0.0015356943476945162]
[1.0, 0.9996685981750488, 0.9990106821060181, 0.9996321201324463, 0.9979096055030823, 0.9990924596786499, 0.9983426332473755, 0.9994574189186096, 0.99834144115448, 0.9993738532066345, 0.9982757568359375]
[1.0, 0.9845011234283447, 0.7297053933143616, 0.20830287039279938]
[1.0, 0.9990882873535156, 0.9295852780342102, 0.5932002067565918, 0.11789817363023758]
[1.0, 0.9905436635017395, 0.9671000242233276, 0.9647099375724792, 0.9382092952728271, 0.9317412376403809, 0.9114626049995422, 0.8955139517784119, 0.9082084894180298, 0.9387170076370239, 0.8954189419746399]
[1.0, 1.0, 1.0, 1.0, 1.0, 1.0, 1.0, 1.0, 1.0, 1.0, 1.0]
[1.0, 1.0, 1.0, 1.0, 1.0, 1.0, 1.0, 1.0, 1.0, 1.0, 1.0]
[1.0, 1.0, 1.0, 1.0, 1.0, 1.0, 1.0, 1.0, 1.0, 1.0, 1.0]
[1.0, 1.0, 1.0, 1.0, 1.0, 1.0, 1.0, 1.0, 1.0, 1.0, 1.0]
[1.0, 1.0, 1.0, 1.0, 1.0, 1.0, 1.0, 1.0, 1.0, 1.0, 1.0]
[1.0, 0.9540541768074036, 0.0030769959557801485]
[1.0, 0.0003401402791496366]
[1.0, 1.0, 1.0, 1.0, 1.0, 1.0, 1.0, 1.0, 1.0, 1.0, 1.0]
[1.0, 1.0, 1.0, 1.0, 1.0, 1.0, 1.0, 1.0, 1.0, 1.0, 1.0]
[1.0, 1.0, 1.0, 1.0, 1.0, 1.0, 1.0, 1.0, 1.0, 1.0, 1.0]
[1.0, 0.9662812948226929, 0.013579601421952248]
[1.0, 0.9992998838424683, 0.9960231781005859, 0.9832165837287903, 0.9894646406173706, 0.8710319995880127, 0.9708724617958069, 0.6781314015388489, 0.8457906246185303, 0.3922681212425232]
[1.0, 0.01219746470451355]
[1.0, 0.025514138862490654]
[1.0, 0.8940847516059875, 0.3420785069465637]
[1.0, 0.0005888534360565245]
[1.0, 0.9918349981307983, 0.6919819712638855, 0.997829020023346, 0.5142323970794678, 0.9958621263504028, 0.5486930012702942, 0.9992306232452393, 0.4986417293548584]
[1.0, 0.9999953508377075, 0.9999316930770874, 0.9999722242355347, 0.9997106194496155, 0.9999722242355347, 0.9995495676994324, 0.9999645948410034, 0.99962317943573, 0.9999735355377197, 0.9995131492614746]
[1.0, 1.0, 1.0, 1.0, 1.0, 1.0, 1.0, 1.0, 1.0, 1.0, 1.0]
[1.0, 1.0, 1.0, 1.0, 1.0, 1.0, 1.0, 1.0, 1.0, 1.0, 1.0]
[1.0, 0.9962005019187927, 0.9793123006820679, 0.9793123006820679, 0.9793123006820679, 0.9793123006820679, 0.9793123006820679, 0.9793123006820679, 0.9793123006820679, 0.9793123006820679, 0.9793123006820679]
[1.0, 1.0, 1.0, 1.0, 1.0, 1.0, 1.0, 1.0, 1.0, 1.0, 1.0]
[1.0, 0.47589829564094543]
[1.0, 0.9987346529960632, 0.9468972086906433, 0.9569394588470459, 0.8065237998962402, 0.7801352143287659, 0.7168927192687988, 0.5325226187705994, 0.5106127262115479, 0.37011128664016724]
[1.0, 0.9984917640686035, 0.9985488057136536, 0.9955253005027771, 0.9858381152153015, 0.9371944069862366, 0.9791631102561951, 0.9338032603263855, 0.8532578349113464, 0.7027727961540222, 0.6567366719245911]
[1.0, 1.0, 1.0, 1.0, 1.0, 1.0, 1.0, 1.0, 1.0, 1.0, 1.0]
[1.0, 0.9471786618232727, 0.019025439396500587]
[1.0, 0.9999877214431763, 0.9999351501464844, 0.999022364616394, 0.9939029812812805, 0.9632260799407959, 0.9797884821891785, 0.9504144787788391, 0.9668018221855164, 0.9372110962867737, 0.9813675284385681]
[1.0, 1.0, 1.0, 1.0, 1.0, 1.0, 1.0, 1.0, 1.0, 1.0, 1.0]
[1.0, 1.0, 1.0, 1.0, 1.0, 1.0, 1.0, 1.0, 1.0, 1.0, 1.0]
[1.0, 1.0, 1.0, 1.0, 1.0, 1.0, 1.0, 1.0, 1.0, 1.0, 1.0]
[1.0, 0.9992313385009766, 0.9992313385009766, 0.9992313385009766, 0.9992313385009766, 0.9992313385009766, 0.9992313385009766, 0.9992313385009766, 0.9992313385009766, 0.9992313385009766, 0.9992313385009766]
[1.0, 1.0, 1.0, 1.0, 1.0, 1.0, 1.0, 1.0, 1.0, 1.0, 1.0]
[1.0, 1.0, 1.0, 1.0, 1.0, 1.0, 1.0, 1.0, 1.0, 1.0, 1.0]
[1.0, 1.0, 1.0, 1.0, 1.0, 1.0, 1.0, 1.0, 1.0, 1.0, 1.0]
[1.0, 0.9544699192047119, 0.07560420036315918]
[1.0, 0.4191841781139374]
[1.0, 0.04184461757540703]
[1.0, 1.0, 1.0, 1.0, 1.0, 1.0, 1.0, 1.0, 1.0, 1.0, 1.0]
[1.0, 1.0, 1.0, 1.0, 1.0, 1.0, 1.0, 1.0, 1.0, 1.0, 1.0]
[1.0, 1.0, 1.0, 1.0, 1.0, 1.0, 1.0, 1.0, 1.0, 1.0, 1.0]
[1.0, 1.0, 1.0, 1.0, 1.0, 1.0, 1.0, 1.0, 1.0, 1.0, 1.0]
[1.0, 1.0, 1.0, 1.0, 1.0, 1.0, 1.0, 1.0, 1.0, 1.0, 1.0]
[1.0, 0.9701904058456421, 0.950163722038269, 0.950163722038269, 0.950163722038269, 0.950163722038269, 0.950163722038269, 0.950163722038269, 0.950163722038269, 0.950163722038269, 0.950163722038269]
[1.0, 1.0, 1.0, 1.0, 1.0, 1.0, 1.0, 1.0, 1.0, 1.0, 1.0]
[1.0, 1.0, 1.0, 1.0, 1.0, 1.0, 1.0, 1.0, 1.0, 1.0, 1.0]
[1.0, 0.9131919741630554, 0.0015241990331560373]
[1.0, 6.293112619459862e-06]
[1.0, 1.0, 1.0, 1.0, 1.0, 1.0, 1.0, 1.0, 1.0, 1.0, 1.0]
[1.0, 1.0, 1.0, 1.0, 1.0, 1.0, 1.0, 1.0, 1.0, 1.0, 1.0]
[1.0, 1.0, 1.0, 1.0, 1.0, 1.0, 1.0, 1.0, 1.0, 1.0, 1.0]
[1.0, 0.15621402859687805]
[1.0, 1.0, 1.0, 1.0, 1.0, 1.0, 1.0, 1.0, 1.0, 1.0, 1.0]
[1.0, 1.0, 1.0, 1.0, 1.0, 1.0, 1.0, 1.0, 1.0, 1.0, 1.0]
[1.0, 2.3086868168320507e-06]
[1.0, 0.9948189854621887, 0.9948189854621887, 0.9948189854621887, 0.9948189854621887, 0.9948189854621887, 0.9948189854621887, 0.9948189854621887, 0.9948189854621887, 0.9948189854621887, 0.9948189854621887]
[1.0, 1.0, 1.0, 1.0, 1.0, 1.0, 1.0, 1.0, 1.0, 1.0, 1.0]
[1.0, 1.0, 1.0, 1.0, 1.0, 1.0, 1.0, 1.0, 1.0, 1.0, 1.0]
[1.0, 1.0, 1.0, 1.0, 1.0, 1.0, 1.0, 1.0, 1.0, 1.0, 1.0]
[1.0, 1.0, 1.0, 1.0, 1.0, 1.0, 1.0, 1.0, 1.0, 1.0, 1.0]
[1.0, 1.0, 1.0, 1.0, 1.0, 1.0, 1.0, 1.0, 1.0, 1.0, 1.0]
[1.0, 1.0, 1.0, 1.0, 1.0, 1.0, 1.0, 1.0, 1.0, 1.0, 1.0]
[1.0, 0.9999198913574219, 0.9999182224273682, 0.9999182224273682, 0.9999182224273682, 0.9999182224273682, 0.9999182224273682, 0.9999182224273682, 0.9999182224273682, 0.9999182224273682, 0.9999182224273682]
[1.0, 1.0, 1.0, 1.0, 1.0, 1.0, 1.0, 1.0, 1.0, 1.0, 1.0]
[1.0, 1.0, 1.0, 1.0, 1.0, 1.0, 1.0, 1.0, 1.0, 1.0, 1.0]
[1.0, 0.9986369013786316, 0.9753283262252808, 0.9040316343307495, 0.4990413784980774]
[1.0, 1.0, 1.0, 1.0, 1.0, 1.0, 1.0, 1.0, 1.0, 1.0, 1.0]
[1.0, 1.0, 1.0, 1.0, 1.0, 1.0, 1.0, 1.0, 1.0, 1.0, 1.0]
[1.0, 1.0, 1.0, 1.0, 1.0, 1.0, 1.0, 1.0, 1.0, 1.0, 1.0]
[1.0, 1.0, 1.0, 1.0, 1.0, 1.0, 1.0, 1.0, 1.0, 1.0, 1.0]
[1.0, 1.0, 1.0, 1.0, 1.0, 1.0, 1.0, 1.0, 1.0, 1.0, 1.0]
[1.0, 1.0, 1.0, 1.0, 1.0, 1.0, 1.0, 1.0, 1.0, 1.0, 1.0]
[1.0, 1.0, 1.0, 1.0, 1.0, 1.0, 1.0, 1.0, 1.0, 1.0, 1.0]
[1.0, 1.0, 1.0, 1.0, 1.0, 1.0, 1.0, 1.0, 1.0, 1.0, 1.0]
[1.0, 1.0, 1.0, 1.0, 1.0, 1.0, 1.0, 1.0, 1.0, 1.0, 1.0]
[1.0, 1.0, 1.0, 1.0, 1.0, 1.0, 1.0, 1.0, 1.0, 1.0, 1.0]
[1.0, 0.9755370616912842, 0.5616629719734192, 0.026192238554358482]
[1.0, 1.0, 1.0, 1.0, 1.0, 1.0, 1.0, 1.0, 1.0, 1.0, 1.0]
[1.0, 0.976037859916687, 0.05248945206403732]
[1.0, 0.016334641724824905]
[1.0, 1.0, 1.0, 1.0, 1.0, 1.0, 1.0, 1.0, 1.0, 1.0, 1.0]
[1.0, 1.0, 1.0, 1.0, 1.0, 1.0, 1.0, 1.0, 1.0, 1.0, 1.0]
[1.0, 1.0, 1.0, 1.0, 1.0, 1.0, 1.0, 1.0, 1.0, 1.0, 1.0]
[1.0, 0.9939483404159546, 0.973899781703949, 0.9470926523208618, 0.9139145016670227, 0.8654959797859192, 0.8180450201034546, 0.7865902781486511, 0.7614530324935913, 0.746471107006073, 0.7402806878089905]
[1.0, 1.0, 1.0, 1.0, 1.0, 1.0, 1.0, 1.0, 1.0, 1.0, 1.0]
[1.0, 1.0, 1.0, 1.0, 1.0, 1.0, 1.0, 1.0, 1.0, 1.0, 1.0]
[1.0, 1.0, 1.0, 1.0, 1.0, 1.0, 1.0, 1.0, 1.0, 1.0, 1.0]
[1.0, 1.0, 1.0, 1.0, 1.0, 1.0, 1.0, 1.0, 1.0, 1.0, 1.0]
[1.0, 0.9999505281448364, 0.9999505281448364, 0.9999505281448364, 0.9999505281448364, 0.9999505281448364, 0.9999505281448364, 0.9999505281448364, 0.9999505281448364, 0.9999505281448364, 0.9999505281448364]
[1.0, 1.0, 1.0, 1.0, 1.0, 1.0, 1.0, 1.0, 1.0, 1.0, 1.0]
[1.0, 0.9810685515403748, 0.09453750401735306]
[1.0, 0.5142571926116943, 0.5142571926116943, 0.5142571926116943, 0.5142571926116943, 0.5142571926116943, 0.5142571926116943, 0.5142571926116943, 0.5142571926116943, 0.5142571926116943, 0.5142571926116943]
[1.0, 1.0, 1.0, 1.0, 1.0, 1.0, 1.0, 1.0, 1.0, 1.0, 1.0]
[1.0, 1.0, 1.0, 1.0, 1.0, 1.0, 1.0, 1.0, 1.0, 1.0, 1.0]
[1.0, 1.0, 1.0, 1.0, 1.0, 1.0, 1.0, 1.0, 1.0, 1.0, 1.0]
[1.0, 1.0, 1.0, 1.0, 1.0, 1.0, 1.0, 1.0, 1.0, 1.0, 1.0]
[1.0, 1.0, 1.0, 1.0, 1.0, 1.0, 1.0, 1.0, 1.0, 1.0, 1.0]
[1.0, 0.9862328767776489, 0.6059200763702393, 0.07883765548467636]
[1.0, 0.8943499326705933, 0.6979021430015564, 0.5046283602714539, 0.037354253232479095]
[1.0, 0.9998766183853149, 0.9745614528656006, 0.45568615198135376]
[1.0, 0.9996669292449951, 0.9895219206809998, 0.9827064275741577, 0.8964170217514038, 0.9527559876441956, 0.8246973752975464, 0.9008011221885681, 0.7697585225105286, 0.9290134906768799, 0.7549028992652893]
[1.0, 1.0, 1.0, 1.0, 1.0, 1.0, 1.0, 1.0, 1.0, 1.0, 1.0]
[1.0, 1.0, 1.0, 1.0, 1.0, 1.0, 1.0, 1.0, 1.0, 1.0, 1.0]
[1.0, 1.0, 1.0, 1.0, 1.0, 1.0, 1.0, 1.0, 1.0, 1.0, 1.0]
[1.0, 1.0, 1.0, 1.0, 1.0, 1.0, 1.0, 1.0, 1.0, 1.0, 1.0]
[1.0, 1.0, 1.0, 1.0, 1.0, 1.0, 1.0, 1.0, 1.0, 1.0, 1.0]
[1.0, 1.0, 1.0, 1.0, 1.0, 1.0, 1.0, 1.0, 1.0, 1.0, 1.0]
[1.0, 1.0, 1.0, 1.0, 1.0, 1.0, 1.0, 1.0, 1.0, 1.0, 1.0]
[1.0, 1.0, 1.0, 1.0, 1.0, 1.0, 1.0, 1.0, 1.0, 1.0, 1.0]
[1.0, 1.0, 1.0, 1.0, 1.0, 1.0, 1.0, 1.0, 1.0, 1.0, 1.0]
[1.0, 1.0, 1.0, 1.0, 1.0, 1.0, 1.0, 1.0, 1.0, 1.0, 1.0]
[1.0, 1.0, 1.0, 1.0, 1.0, 1.0, 1.0, 1.0, 1.0, 1.0, 1.0]
[1.0, 1.0, 1.0, 1.0, 1.0, 1.0, 1.0, 1.0, 1.0, 1.0, 1.0]
[1.0, 1.0, 1.0, 1.0, 1.0, 1.0, 1.0, 1.0, 1.0, 1.0, 1.0]
[1.0, 1.0, 1.0, 1.0, 1.0, 1.0, 1.0, 1.0, 1.0, 1.0, 1.0]
[1.0, 1.0, 1.0, 1.0, 1.0, 1.0, 1.0, 1.0, 1.0, 1.0, 1.0]
[1.0, 1.0, 1.0, 1.0, 1.0, 1.0, 1.0, 1.0, 1.0, 1.0, 1.0]
[1.0, 0.985348641872406, 0.9690630435943604, 0.8634046316146851, 0.9311385750770569, 0.8121825456619263, 0.7018529176712036, 0.8143705725669861, 0.7005771994590759, 0.8333213925361633, 0.7091033458709717]
[1.0, 0.9640482664108276, 0.9752110242843628, 0.956057608127594, 0.9590233564376831, 0.9343417286872864, 0.9615957140922546, 0.9473172426223755, 0.9685903191566467, 0.9431968331336975, 0.963567316532135]
[1.0, 0.00018570656538940966]
[1.0, 0.8588839769363403, 0.033814337104558945]
[1.0, 1.0, 1.0, 1.0, 1.0, 1.0, 1.0, 1.0, 1.0, 1.0, 1.0]
[1.0, 1.0, 1.0, 1.0, 1.0, 1.0, 1.0, 1.0, 1.0, 1.0, 1.0]
[1.0, 1.0, 1.0, 1.0, 1.0, 1.0, 1.0, 1.0, 1.0, 1.0, 1.0]
[1.0, 1.0, 1.0, 1.0, 1.0, 1.0, 1.0, 1.0, 1.0, 1.0, 1.0]
[1.0, 1.0, 1.0, 1.0, 1.0, 1.0, 1.0, 1.0, 1.0, 1.0, 1.0]
[1.0, 1.0, 1.0, 1.0, 1.0, 1.0, 1.0, 1.0, 1.0, 1.0, 1.0]
[1.0, 1.0, 1.0, 1.0, 1.0, 1.0, 1.0, 1.0, 1.0, 1.0, 1.0]
[1.0, 0.018858183175325394]
[1.0, 1.0, 1.0, 1.0, 1.0, 1.0, 1.0, 1.0, 1.0, 1.0, 1.0]
[1.0, 0.9922183752059937, 0.49337559938430786]
[1.0, 0.018664473667740822]
[1.0, 0.006524931639432907]
[1.0, 0.9996590614318848, 0.8113386631011963, 0.8775075674057007, 0.006783522665500641]
[1.0, 0.9953575730323792, 0.9751215577125549, 0.9832900762557983, 0.9643363952636719, 0.9714599251747131, 0.9628617167472839, 0.9828638434410095, 0.9680113196372986, 0.9827415347099304, 0.9674443006515503]
[1.0, 0.9018456935882568, 0.24595528841018677]
[1.0, 0.999972939491272, 0.9996910095214844, 0.9944742321968079, 0.9704280495643616, 0.9631531238555908, 0.6991265416145325, 0.2493087202310562]
[1.0, 1.0, 1.0, 1.0, 1.0, 1.0, 1.0, 1.0, 1.0, 1.0, 1.0]
[1.0, 1.0, 1.0, 1.0, 1.0, 1.0, 1.0, 1.0, 1.0, 1.0, 1.0]
Epoch: 4 Average evasion rate on trainset with different patch: 48.485%
